-2.51989
-2.53836
-2.55539
-2.57096
-2.58504
-2.59762
-2.60868
-2.61818
-2.62613
-2.63249
-2.63725
-2.6404
-2.64192
-2.64179
-2.64001
-2.63655
-2.63142
-2.62458
-2.61605
-2.60581
-2.59385
-2.58016
-2.56474
-2.54759
-2.52869
-2.50806
-2.48568
-2.46156
-2.43569
-2.40809
-2.37875
-2.34767
-2.31487
-2.28034
-2.2441
-2.20615
-2.16651
-2.12518
-2.08218
-2.03752
-1.99121
-1.94327
-1.89372
-1.84258
-1.78985
-1.73557
-1.67976
-1.62243
-1.56361
-1.50333
-1.4416
-1.37847
-1.31395
-1.24808
-1.18088
-1.11238
-1.04263
-0.971646
-0.899469
-0.826133
-0.751676
-0.676134
-0.599547
-0.521952
-0.443392
-0.363907
-0.283539
-0.202331
-0.120329
-0.0375753
0.0458829
0.129999
0.214727
0.300017
0.385821
0.47209
0.558773
0.645819
0.733176
0.820793
0.908616
0.996592
1.08467
1.17279
1.2609
1.34894
1.43687
1.52461
1.61212
1.69934
1.78622
1.87269
1.95869
2.04418
2.12908
2.21335
2.29693
2.37975
2.46176
2.54291
2.62312
