	0	0.3	0
	0.05	0.29963	-0.0146978
	0.1	0.29854	-0.0287833
	0.15	0.296762	-0.042246
	0.2	0.294326	-0.0550773
	0.25	0.291265	-0.0672706
	0.3	0.28761	-0.0788209
	0.35	0.283394	-0.0897252
	0.4	0.278648	-0.099982
	0.45	0.273406	-0.109592
	0.5	0.2677	-0.118556
	0.55	0.261561	-0.126879
	0.6	0.255023	-0.134564
	0.65	0.248115	-0.141618
	0.7	0.240871	-0.148049
	0.75	0.233321	-0.153864
	0.8	0.225495	-0.159075
	0.85	0.217423	-0.163692
	0.9	0.209135	-0.167726
	0.95	0.20066	-0.171192
	1	0.192025	-0.174102
	1.05	0.183259	-0.176471
	1.1	0.174387	-0.178315
	1.15	0.165436	-0.17965
	1.2	0.15643	-0.180492
	1.25	0.147395	-0.180859
	1.3	0.138352	-0.180769
	1.35	0.129325	-0.180239
	1.4	0.120335	-0.179289
	1.45	0.111403	-0.177936
	1.5	0.102548	-0.1762
	1.55	0.0937889	-0.174101
	1.6	0.0851435	-0.171658
	1.65	0.0766285	-0.168889
	1.7	0.0682597	-0.165816
	1.75	0.0600517	-0.162457
	1.8	0.0520184	-0.158831
	1.85	0.0441727	-0.154958
	1.9	0.0365264	-0.150858
	1.95	0.0290904	-0.146549
	2	0.0218747	-0.142049
	2.05	0.0148883	-0.137378
	2.1	0.0081394	-0.132554
	2.15	0.00163518	-0.127594
	2.2	-0.00461802	-0.122516
	2.25	-0.0106147	-0.117336
	2.3	-0.0163503	-0.112073
	2.35	-0.0218208	-0.106741
	2.4	-0.0270235	-0.101357
	2.45	-0.0319559	-0.095935
	2.5	-0.0366166	-0.090491
	2.55	-0.0410048	-0.0850387
	2.6	-0.0451206	-0.0795919
	2.65	-0.0489643	-0.0741636
	2.7	-0.0525374	-0.0687665
	2.75	-0.0558417	-0.0634125
	2.8	-0.0588796	-0.058113
	2.85	-0.0616541	-0.052879
	2.9	-0.0641688	-0.0477206
	2.95	-0.0664276	-0.0426476
	3	-0.0684351	-0.037669
	3.05	-0.0701962	-0.0327933
	3.1	-0.0717163	-0.0280284
	3.15	-0.073001	-0.0233817
	3.2	-0.0740565	-0.0188599
	3.25	-0.0748892	-0.0144693
	3.3	-0.0755057	-0.0102153
	3.35	-0.0759131	-0.00610305
	3.4	-0.0761185	-0.00213713
	3.45	-0.0761293	0.00167853
	3.5	-0.0759532	0.00534046
	3.55	-0.0755979	0.00884571
	3.6	-0.0750713	0.0121919
	3.65	-0.0743814	0.0153769
	3.7	-0.0735363	0.0183994
	3.75	-0.0725442	0.0212583
	3.8	-0.0714132	0.023953
	3.85	-0.0701516	0.0264834
	3.9	-0.0687676	0.0288497
	3.95	-0.0672694	0.0310525
	4	-0.065665	0.0330928
	4.05	-0.0639628	0.0349721
	4.1	-0.0621705	0.036692
	4.15	-0.0602962	0.0382545
	4.2	-0.0583476	0.039662
	4.25	-0.0563325	0.0409172
	4.3	-0.0542584	0.0420229
	4.35	-0.0521327	0.0429823
	4.4	-0.0499626	0.0437988
	4.45	-0.0477551	0.0444759
	4.5	-0.0455172	0.0450175
	4.55	-0.0432556	0.0454276
	4.6	-0.0409766	0.0457103
	4.65	-0.0386866	0.0458699
	4.7	-0.0363916	0.0459108
	4.75	-0.0340974	0.0458377
	4.8	-0.0318096	0.0456551
	4.85	-0.0295336	0.0453678
	4.9	-0.0272745	0.0449807
	4.95	-0.0250371	0.0444985
	5	-0.0228262	0.0439262
	5.05	-0.0206459	0.0432686
	5.1	-0.0185006	0.0425309
	5.15	-0.0163941	0.0417179
	5.2	-0.01433	0.0408345
	5.25	-0.0123117	0.0398858
	5.3	-0.0103425	0.0388765
	5.35	-0.00842503	0.0378115
	5.4	-0.00656215	0.0366956
	5.45	-0.00475623	0.0355336
	5.5	-0.00300948	0.0343301
	5.55	-0.00132384	0.0330897
	5.6	0.000298949	0.0318168
	5.65	0.00185737	0.0305159
	5.7	0.00335014	0.0291912
	5.75	0.00477617	0.0278469
	5.8	0.00613458	0.0264872
	5.85	0.00742469	0.0251158
	5.9	0.00864603	0.0237367
	5.95	0.00979829	0.0223535
	6	0.0108814	0.0209697
	6.05	0.0118953	0.0195889
	6.1	0.0128404	0.0182142
	6.15	0.0137169	0.0168487
	6.2	0.0145254	0.0154955
	6.25	0.0152667	0.0141575
	6.3	0.0159415	0.0128372
	6.35	0.0165507	0.0115372
	6.4	0.0170956	0.0102599
	6.45	0.0175772	0.00900753
	6.5	0.0179968	0.00778223
	6.55	0.0183559	0.0065859
	6.6	0.0186559	0.00542034
	6.65	0.0188984	0.00428721
	6.7	0.0190852	0.003188
	6.75	0.0192178	0.00212408
	6.8	0.0192982	0.00109668
	6.85	0.0193281	0.000106871
	6.9	0.0193095	-0.000844388
	6.95	0.0192443	-0.00175628
	7	0.0191346	-0.00262811
	7.05	0.0189822	-0.00345932
	7.1	0.0187893	-0.00424946
	7.15	0.0185579	-0.0049982
	7.2	0.0182902	-0.00570534
	7.25	0.0179881	-0.00637078
	7.3	0.0176538	-0.00699451
	7.35	0.0172893	-0.00757665
	7.4	0.0168968	-0.0081174
	7.45	0.0164783	-0.00861705
	7.5	0.0160358	-0.00907601
	7.55	0.0155714	-0.00949472
	7.6	0.015087	-0.00987376
	7.65	0.0145846	-0.0102137
	7.7	0.0140663	-0.0105154
	7.75	0.0135337	-0.0107794
	7.8	0.0129889	-0.0110067
	7.85	0.0124337	-0.0111981
	7.9	0.0118697	-0.0113545
	7.95	0.0112988	-0.011477
	8	0.0107225	-0.0115666
	8.05	0.0101426	-0.0116243
	8.1	0.00956063	-0.0116513
	8.15	0.00897801	-0.0116486
	8.2	0.00839624	-0.0116176
	8.25	0.00781671	-0.0115593
	8.3	0.00724074	-0.0114749
	8.35	0.00666963	-0.0113658
	8.4	0.00610456	-0.011233
	8.45	0.0055467	-0.011078
	8.5	0.00499711	-0.0109019
	8.55	0.00445684	-0.010706
	8.6	0.00392683	-0.0104915
	8.65	0.00340798	-0.0102597
	8.7	0.00290112	-0.0100119
	8.75	0.00240703	-0.00974932
	8.8	0.00192641	-0.0094731
	8.85	0.00145992	-0.00918451
	8.9	0.00100815	-0.00888473
	8.95	0.000571618	-0.00857493
	9	0.000150803	-0.00825628
	9.05	-0.000253881	-0.00792988
	9.1	-0.000642075	-0.00759686
	9.15	-0.00101347	-0.00725828
	9.2	-0.00136783	-0.0069152
	9.25	-0.00170494	-0.00656862
	9.3	-0.00202465	-0.00621954
	9.35	-0.00232686	-0.0058689
	9.4	-0.00261153	-0.00551764
	9.45	-0.00287863	-0.00516663
	9.5	-0.00312821	-0.00481672
	9.55	-0.00336034	-0.00446873
	9.6	-0.00357513	-0.00412344
	9.65	-0.00377274	-0.00378159
	9.7	-0.00395335	-0.00344387
	9.75	-0.0041172	-0.00311096
	9.8	-0.00426454	-0.00278348
	9.85	-0.00439565	-0.00246202
	9.9	-0.00451085	-0.00214713
	9.95	-0.00461048	-0.00183932
	10	-0.00469491	-0.00153909
	10.05	-0.00476453	-0.00124685
	10.1	-0.00481974	-0.000963013
	10.15	-0.00486097	-0.000687948
	10.2	-0.00488868	-0.000421984
	10.25	-0.00490333	-0.000165414
	10.3	-0.00490538	8.1501e-05
	10.35	-0.00489534	0.000318535
	10.4	-0.0048737	0.000545493
	10.45	-0.00484096	0.000762217
	10.5	-0.00479765	0.000968574
	10.55	-0.00474428	0.00116447
	10.6	-0.00468138	0.00134983
	10.65	-0.00460947	0.00152461
	10.7	-0.00452909	0.00168881
	10.75	-0.00444077	0.00184242
	10.8	-0.00434503	0.00198551
	10.85	-0.00424239	0.00211811
	10.9	-0.00413339	0.00224033
	10.95	-0.00401853	0.00235226
	11	-0.00389833	0.00245405
	11.05	-0.00377329	0.00254583
	11.1	-0.00364391	0.00262777
	11.15	-0.00351068	0.00270006
	11.2	-0.00337407	0.0027629
	11.25	-0.00323454	0.00281651
	11.3	-0.00309256	0.00286111
	11.35	-0.00294858	0.00289696
	11.4	-0.00280301	0.0029243
	11.45	-0.00265628	0.00294341
	11.5	-0.0025088	0.00295455
	11.55	-0.00236096	0.00295802
	11.6	-0.00221312	0.0029541
	11.65	-0.00206566	0.0029431
	11.7	-0.00191893	0.00292532
	11.75	-0.00177324	0.00290108
	11.8	-0.00162892	0.00287067
	11.85	-0.00148627	0.00283442
	11.9	-0.00134557	0.00279265
	11.95	-0.00120709	0.00274567
	12	-0.00107109	0.00269381
	12.05	-0.000937788	0.00263738
	12.1	-0.000807418	0.0025767
	12.15	-0.000680183	0.00251209
	12.2	-0.00055627	0.00244386
	12.25	-0.000435852	0.00237231
	12.3	-0.000319089	0.00229776
	12.35	-0.000206121	0.0022205
	12.4	-9.70787e-05	0.00214083
	12.45	7.92614e-06	0.00205904
	12.5	0.000108794	0.00197541
	12.55	0.000205441	0.00189022
	12.6	0.000297794	0.00180373
	12.65	0.000385797	0.00171622
	12.7	0.000469404	0.00162794
	12.75	0.000548582	0.00153913
	12.8	0.000623312	0.00145003
	12.85	0.000693584	0.00136087
	12.9	0.000759402	0.00127187
	12.95	0.000820778	0.00118325
	13	0.000877736	0.0010952
	13.05	0.000930311	0.00100792
	13.1	0.000978545	0.000921596
	13.15	0.00102249	0.000836397
	13.2	0.00106221	0.000752489
	13.25	0.00109776	0.000670027
	13.3	0.00112924	0.000589157
	13.35	0.00115671	0.000510015
	13.4	0.00118027	0.000432726
	13.45	0.00120001	0.000357407
	13.5	0.00121604	0.000284166
	13.55	0.00122847	0.000213101
	13.6	0.00123739	0.0001443
	13.65	0.00124293	7.7843e-05
	13.7	0.00124522	1.38012e-05
	13.75	0.00124436	-4.77633e-05
	13.8	0.00124048	-0.000106797
	13.85	0.00123372	-0.000163254
	13.9	0.0012242	-0.000217097
	13.95	0.00121205	-0.000268298
	14	0.00119741	-0.000316833
	14.05	0.00118041	-0.000362689
	14.1	0.00116119	-0.000405858
	14.15	0.00113987	-0.00044634
	14.2	0.0011166	-0.000484141
	14.25	0.0010915	-0.000519274
	14.3	0.00106472	-0.000551757
	14.35	0.00103637	-0.000581614
	14.4	0.0010066	-0.000608876
	14.45	0.000975527	-0.000633577
	14.5	0.000943284	-0.000655757
	14.55	0.000909993	-0.00067546
	14.6	0.000875778	-0.000692736
	14.65	0.000840759	-0.000707637
	14.7	0.000805053	-0.00072022
	14.75	0.000768775	-0.000730545
	14.8	0.000732035	-0.000738676
	14.85	0.000694942	-0.000744677
	14.9	0.000657602	-0.000748619
	14.95	0.000620114	-0.000750572
	15	0.000582576	-0.000750609
	15.05	0.000545083	-0.000748806
	15.1	0.000507725	-0.000745239
	15.15	0.000470588	-0.000739986
	15.2	0.000433753	-0.000733125
	15.25	0.000397301	-0.000724738
	15.3	0.000361304	-0.000714903
	15.35	0.000325833	-0.000703703
	15.4	0.000290955	-0.000691217
	15.45	0.000256731	-0.000677528
	15.5	0.000223221	-0.000662715
	15.55	0.000190477	-0.00064686
	15.6	0.000158551	-0.000630041
	15.65	0.000127488	-0.000612338
	15.7	9.73305e-05	-0.000593828
	15.75	6.81171e-05	-0.00057459
	15.8	3.98824e-05	-0.000554698
	15.85	1.2657e-05	-0.000534227
	15.9	-1.35319e-05	-0.000513249
	15.95	-3.86607e-05	-0.000491837
	16	-6.27095e-05	-0.000470059
	16.05	-8.56617e-05	-0.000447984
	16.1	-0.000107504	-0.000425676
	16.15	-0.000128226	-0.0004032
	16.2	-0.000147822	-0.000380618
	16.25	-0.000166287	-0.000357988
	16.3	-0.000183621	-0.000335368
	16.35	-0.000199825	-0.000312814
	16.4	-0.000214905	-0.000290378
	16.45	-0.000228866	-0.00026811
	16.5	-0.000241719	-0.000246058
	16.55	-0.000253476	-0.000224268
	16.6	-0.000264151	-0.000202783
	16.65	-0.00027376	-0.000181644
	16.7	-0.000282322	-0.000160888
	16.75	-0.000289856	-0.000140552
	16.8	-0.000296385	-0.000120669
	16.85	-0.000301931	-0.00010127
	16.9	-0.00030652	-8.23833e-05
	16.95	-0.000310178	-6.40355e-05
	17	-0.000312933	-4.62502e-05
	17.05	-0.000314813	-2.9049e-05
	17.1	-0.000315848	-1.2451e-05
	17.15	-0.000316068	3.52662e-06
	17.2	-0.000315506	1.88691e-05
	17.25	-0.000314192	3.35638e-05
	17.3	-0.000312161	4.76001e-05
	17.35	-0.000309443	6.09693e-05
	17.4	-0.000306075	7.3665e-05
	17.45	-0.000302088	8.56824e-05
	17.5	-0.000297518	9.70186e-05
	17.55	-0.000292398	0.000107673
	17.6	-0.000286762	0.000117645
	17.65	-0.000280645	0.000126938
	17.7	-0.000274079	0.000135556
	17.75	-0.0002671	0.000143504
	17.8	-0.00025974	0.000150788
	17.85	-0.000252032	0.000157418
	17.9	-0.000244009	0.000163401
	17.95	-0.000235703	0.00016875
	18	-0.000227145	0.000173476
	18.05	-0.000218365	0.000177591
	18.1	-0.000209395	0.00018111
	18.15	-0.000200264	0.000184047
	18.2	-0.000191	0.000186418
	18.25	-0.000181631	0.000188239
	18.3	-0.000172185	0.000189528
	18.35	-0.000162687	0.000190301
	18.4	-0.000153163	0.000190578
	18.45	-0.000143637	0.000190378
	18.5	-0.000134133	0.000189718
	18.55	-0.000124673	0.00018862
	18.6	-0.000115278	0.000187103
	18.65	-0.000105969	0.000185186
	18.7	-9.67657e-05	0.000182892
	18.75	-8.7686e-05	0.000180239
	18.8	-7.87475e-05	0.000177248
	18.85	-6.99665e-05	0.00017394
	18.9	-6.13584e-05	0.000170336
	18.95	-5.29375e-05	0.000166456
	19	-4.47171e-05	0.00016232
	19.05	-3.67094e-05	0.000157949
	19.1	-2.89258e-05	0.000153362
	19.15	-2.13765e-05	0.000148579
	19.2	-1.40708e-05	0.00014362
	19.25	-7.01714e-06	0.000138503
	19.3	-2.22844e-07	0.000133247
	19.35	6.30559e-06	0.000127871
	19.4	1.25626e-05	0.000122393
	19.45	1.85435e-05	0.000116829
	19.5	2.42444e-05	0.000111198
	19.55	2.96624e-05	0.000105515
	19.6	3.47952e-05	9.97956e-05
	19.65	3.96416e-05	9.40564e-05
	19.7	4.42008e-05	8.83118e-05
	19.75	4.84729e-05	8.25761e-05
	19.8	5.24588e-05	7.68629e-05
	19.85	5.61598e-05	7.11854e-05
	19.9	5.95781e-05	6.55561e-05
	19.95	6.27164e-05	5.9987e-05
	20	6.5578e-05	5.44892e-05
	20.05	6.81667e-05	4.90735e-05
	20.1	7.04869e-05	4.37499e-05
	20.15	7.25434e-05	3.85279e-05
	20.2	7.43415e-05	3.34162e-05
	20.25	7.5887e-05	2.8423e-05
	20.3	7.71859e-05	2.3556e-05
	20.35	7.82448e-05	1.88222e-05
	20.4	7.90705e-05	1.42278e-05
	20.45	7.967e-05	9.77874e-06
	20.5	8.00509e-05	5.48016e-06
	20.55	8.02206e-05	1.33669e-06
	20.6	8.01872e-05	-2.64758e-06
	20.65	7.99586e-05	-6.46914e-06
	20.7	7.9543e-05	-1.0125e-05
	20.75	7.89489e-05	-1.36127e-05
	20.8	7.81846e-05	-1.69303e-05
	20.85	7.72587e-05	-2.00763e-05
	20.9	7.61798e-05	-2.30498e-05
	20.95	7.49566e-05	-2.58502e-05
	21	7.35977e-05	-2.84775e-05
	21.05	7.21117e-05	-3.0932e-05
	21.1	7.05074e-05	-3.32144e-05
	21.15	6.87932e-05	-3.5326e-05
	21.2	6.69776e-05	-3.72683e-05
	21.25	6.50691e-05	-3.9043e-05
	21.3	6.3076e-05	-4.06525e-05
	21.35	6.10066e-05	-4.20993e-05
	21.4	5.88688e-05	-4.33862e-05
	21.45	5.66706e-05	-4.45164e-05
	21.5	5.44197e-05	-4.54931e-05
	21.55	5.21238e-05	-4.63201e-05
	21.6	4.97901e-05	-4.70012e-05
	21.65	4.7426e-05	-4.75404e-05
	21.7	4.50384e-05	-4.7942e-05
	21.75	4.2634e-05	-4.82104e-05
	21.8	4.02195e-05	-4.83501e-05
	21.85	3.78011e-05	-4.83659e-05
	21.9	3.53849e-05	-4.82626e-05
	21.95	3.29767e-05	-4.80451e-05
	22	3.05822e-05	-4.77183e-05
	22.05	2.82066e-05	-4.72875e-05
	22.1	2.58551e-05	-4.67577e-05
	22.15	2.35324e-05	-4.61341e-05
	22.2	2.12431e-05	-4.5422e-05
	22.25	1.89916e-05	-4.46264e-05
	22.3	1.67818e-05	-4.37528e-05
	22.35	1.46175e-05	-4.28061e-05
	22.4	1.25023e-05	-4.17917e-05
	22.45	1.04394e-05	-4.07147e-05
	22.5	8.4318e-06	-3.95802e-05
	22.55	6.48226e-06	-3.83932e-05
	22.6	4.59327e-06	-3.71586e-05
	22.65	2.76711e-06	-3.58814e-05
	22.7	1.00576e-06	-3.45664e-05
	22.75	-6.88981e-07	-3.32182e-05
	22.8	-2.31559e-06	-3.18416e-05
	22.85	-3.87274e-06	-3.04408e-05
	22.9	-5.35934e-06	-2.90204e-05
	22.95	-6.77452e-06	-2.75847e-05
	23	-8.11762e-06	-2.61376e-05
	23.05	-9.38816e-06	-2.46832e-05
	23.1	-1.05859e-05	-2.32254e-05
	23.15	-1.17107e-05	-2.17678e-05
	23.2	-1.27627e-05	-2.0314e-05
	23.25	-1.37422e-05	-1.88675e-05
	23.3	-1.46496e-05	-1.74315e-05
	23.35	-1.54856e-05	-1.6009e-05
	23.4	-1.62508e-05	-1.46031e-05
	23.45	-1.69462e-05	-1.32166e-05
	23.5	-1.75729e-05	-1.1852e-05
	23.55	-1.81318e-05	-1.0512e-05
	23.6	-1.86245e-05	-9.19866e-06
	23.65	-1.90522e-05	-7.91431e-06
	23.7	-1.94164e-05	-6.66094e-06
	23.75	-1.97188e-05	-5.44038e-06
	23.8	-1.99611e-05	-4.25436e-06
	23.85	-2.01449e-05	-3.10442e-06
	23.9	-2.02721e-05	-1.99196e-06
	23.95	-2.03447e-05	-9.18247e-07
	24	-2.03646e-05	1.1562e-07
	24.05	-2.03338e-05	1.10867e-06
	24.1	-2.02544e-05	2.06006e-06
	24.15	-2.01285e-05	2.96909e-06
	24.2	-1.99582e-05	3.83521e-06
	24.25	-1.97457e-05	4.65798e-06
	24.3	-1.94932e-05	5.43707e-06
	24.35	-1.92028e-05	6.17228e-06
	24.4	-1.88767e-05	6.86355e-06
	24.45	-1.85171e-05	7.5109e-06
	24.5	-1.81263e-05	8.11446e-06
	24.55	-1.77064e-05	8.67447e-06
	24.6	-1.72596e-05	9.19127e-06
	24.65	-1.6788e-05	9.66528e-06
	24.7	-1.62938e-05	1.0097e-05
	24.75	-1.5779e-05	1.04871e-05
	24.8	-1.52457e-05	1.08362e-05
	24.85	-1.4696e-05	1.11451e-05
	24.9	-1.41319e-05	1.14145e-05
	24.95	-1.35552e-05	1.16454e-05
	25	-1.2968e-05	1.18387e-05
	25.05	-1.2372e-05	1.19954e-05
	25.1	-1.1769e-05	1.21166e-05
	25.15	-1.11609e-05	1.22034e-05
	25.2	-1.05493e-05	1.22568e-05
	25.25	-9.93575e-06	1.22782e-05
	25.3	-9.32195e-06	1.22686e-05
	25.35	-8.70938e-06	1.22293e-05
	25.4	-8.0995e-06	1.21616e-05
	25.45	-7.49368e-06	1.20667e-05
	25.5	-6.89325e-06	1.1946e-05
	25.55	-6.29948e-06	1.18008e-05
	25.6	-5.71356e-06	1.16324e-05
	25.65	-5.13661e-06	1.1442e-05
	25.7	-4.5697e-06	1.12311e-05
	25.75	-4.01382e-06	1.10009e-05
	25.8	-3.4699e-06	1.07529e-05
	25.85	-2.93881e-06	1.04881e-05
	25.9	-2.42135e-06	1.02081e-05
	25.95	-1.91824e-06	9.91406e-06
	26	-1.43015e-06	9.60723e-06
	26.05	-9.57703e-07	9.28891e-06
	26.1	-5.01433e-07	8.9603e-06
	26.15	-6.18246e-08	8.62262e-06
	26.2	3.60698e-07	8.27706e-06
	26.25	7.65769e-07	7.92477e-06
	26.3	1.15308e-06	7.56687e-06
	26.35	1.52238e-06	7.20447e-06
	26.4	1.87347e-06	6.83863e-06
	26.45	2.2062e-06	6.47037e-06
	26.5	2.52049e-06	6.1007e-06
	26.55	2.81627e-06	5.73058e-06
	26.6	3.09355e-06	5.36093e-06
	26.65	3.35238e-06	4.99264e-06
	26.7	3.59285e-06	4.62656e-06
	26.75	3.81509e-06	4.2635e-06
	26.8	4.01927e-06	3.90422e-06
	26.85	4.20559e-06	3.54947e-06
	26.9	4.3743e-06	3.19993e-06
	26.95	4.52568e-06	2.85626e-06
	27	4.66003e-06	2.51906e-06
	27.05	4.7777e-06	2.18891e-06
	27.1	4.87905e-06	1.86635e-06
	27.15	4.96447e-06	1.55186e-06
	27.2	5.03438e-06	1.2459e-06
	27.25	5.08921e-06	9.48879e-07
	27.3	5.12942e-06	6.61184e-07
	27.35	5.15549e-06	3.83149e-07
	27.4	5.1679e-06	1.15078e-07
	27.45	5.16717e-06	-1.42765e-07
	27.5	5.1538e-06	-3.90147e-07
	27.55	5.12833e-06	-6.26873e-07
	27.6	5.09129e-06	-8.52782e-07
	27.65	5.04323e-06	-1.06774e-06
	27.7	4.9847e-06	-1.27166e-06
	27.75	4.91625e-06	-1.46446e-06
	27.8	4.83844e-06	-1.64612e-06
	27.85	4.75183e-06	-1.81662e-06
	27.9	4.65697e-06	-1.97598e-06
	27.95	4.55441e-06	-2.12426e-06
	28	4.44472e-06	-2.26151e-06
	28.05	4.32844e-06	-2.38784e-06
	28.1	4.20612e-06	-2.50337e-06
	28.15	4.07829e-06	-2.60824e-06
	28.2	3.94547e-06	-2.7026e-06
	28.25	3.8082e-06	-2.78664e-06
	28.3	3.66698e-06	-2.86056e-06
	28.35	3.52231e-06	-2.92457e-06
	28.4	3.37468e-06	-2.9789e-06
	28.45	3.22457e-06	-3.02381e-06
	28.5	3.07245e-06	-3.05954e-06
	28.55	2.91877e-06	-3.08638e-06
	28.6	2.76396e-06	-3.10461e-06
	28.65	2.60845e-06	-3.11451e-06
	28.7	2.45264e-06	-3.11639e-06
	28.75	2.29694e-06	-3.11057e-06
	28.8	2.14171e-06	-3.09735e-06
	28.85	1.98732e-06	-3.07706e-06
	28.9	1.83411e-06	-3.05002e-06
	28.95	1.68242e-06	-3.01658e-06
	29	1.53256e-06	-2.97705e-06
	29.05	1.38481e-06	-2.93178e-06
	29.1	1.23947e-06	-2.8811e-06
	29.15	1.09679e-06	-2.82535e-06
	29.2	9.57013e-07	-2.76486e-06
	29.25	8.20375e-07	-2.69997e-06
	29.3	6.87084e-07	-2.63101e-06
	29.35	5.57336e-07	-2.55831e-06
	29.4	4.3131e-07	-2.48219e-06
	29.45	3.09168e-07	-2.40297e-06
	29.5	1.91059e-07	-2.32097e-06
	29.55	7.71121e-08	-2.2365e-06
	29.6	-3.25555e-08	-2.14987e-06
	29.65	-1.37843e-07	-2.06136e-06
	29.7	-2.38665e-07	-1.97127e-06
	29.75	-3.34948e-07	-1.87988e-06
	29.8	-4.26636e-07	-1.78747e-06
	29.85	-5.13683e-07	-1.69431e-06
	29.9	-5.96058e-07	-1.60064e-06
	29.95	-6.73743e-07	-1.50673e-06
	30	-7.46731e-07	-1.41281e-06
	30.05	-8.15028e-07	-1.31911e-06
	30.1	-8.7865e-07	-1.22585e-06
	30.15	-9.37624e-07	-1.13324e-06
	30.2	-9.91988e-07	-1.04149e-06
	30.25	-1.04179e-06	-9.50789e-07
	30.3	-1.08709e-06	-8.6131e-07
	30.35	-1.12795e-06	-7.7323e-07
	30.4	-1.16444e-06	-6.86709e-07
	30.45	-1.19664e-06	-6.01898e-07
	30.5	-1.22466e-06	-5.18938e-07
	30.55	-1.24857e-06	-4.3796e-07
	30.6	-1.26849e-06	-3.59083e-07
	30.65	-1.28452e-06	-2.82419e-07
	30.7	-1.29677e-06	-2.0807e-07
	30.75	-1.30536e-06	-1.36126e-07
	30.8	-1.31042e-06	-6.66691e-08
	30.85	-1.31207e-06	2.27412e-10
	30.9	-1.31044e-06	6.45003e-08
	30.95	-1.30567e-06	1.26095e-07
	31	-1.29788e-06	1.84966e-07
	31.05	-1.28722e-06	2.41075e-07
	31.1	-1.27382e-06	2.94393e-07
	31.15	-1.25782e-06	3.44899e-07
	31.2	-1.23938e-06	3.9258e-07
	31.25	-1.21861e-06	4.3743e-07
	31.3	-1.19568e-06	4.79449e-07
	31.35	-1.17072e-06	5.18646e-07
	31.4	-1.14386e-06	5.55035e-07
	31.45	-1.11526e-06	5.88637e-07
	31.5	-1.08504e-06	6.1948e-07
	31.55	-1.05336e-06	6.47595e-07
	31.6	-1.02033e-06	6.73021e-07
	31.65	-9.86099e-07	6.95802e-07
	31.7	-9.50793e-07	7.15984e-07
	31.75	-9.14543e-07	7.3362e-07
	31.8	-8.77473e-07	7.48768e-07
	31.85	-8.39706e-07	7.61487e-07
	31.9	-8.01363e-07	7.71842e-07
	31.95	-7.62561e-07	7.79899e-07
	32	-7.23411e-07	7.8573e-07
	32.05	-6.84023e-07	7.89407e-07
	32.1	-6.44505e-07	7.91005e-07
	32.15	-6.04956e-07	7.90603e-07
	32.2	-5.65476e-07	7.88279e-07
	32.25	-5.26159e-07	7.84115e-07
	32.3	-4.87094e-07	7.78194e-07
	32.35	-4.48368e-07	7.70597e-07
	32.4	-4.10061e-07	7.61411e-07
	32.45	-3.72252e-07	7.50719e-07
	32.5	-3.35013e-07	7.38607e-07
	32.55	-2.98413e-07	7.2516e-07
	32.6	-2.62518e-07	7.10464e-07
	32.65	-2.27386e-07	6.94603e-07
	32.7	-1.93075e-07	6.77662e-07
	32.75	-1.59637e-07	6.59725e-07
	32.8	-1.27118e-07	6.40875e-07
	32.85	-9.55629e-08	6.21194e-07
	32.9	-6.5011e-08	6.00763e-07
	32.95	-3.54978e-08	5.79661e-07
	33	-7.05486e-09	5.57966e-07
	33.05	2.02901e-08	5.35754e-07
	33.1	4.65132e-08	5.13101e-07
	33.15	7.15941e-08	4.90079e-07
	33.2	9.55161e-08	4.66758e-07
	33.25	1.18266e-07	4.43209e-07
	33.3	1.39834e-07	4.19497e-07
	33.35	1.60214e-07	3.95687e-07
	33.4	1.79402e-07	3.71841e-07
	33.45	1.97399e-07	3.48019e-07
	33.5	2.14206e-07	3.24278e-07
	33.55	2.29829e-07	3.00674e-07
	33.6	2.44276e-07	2.77259e-07
	33.65	2.57559e-07	2.54082e-07
	33.7	2.69689e-07	2.31192e-07
	33.75	2.80683e-07	2.08632e-07
	33.8	2.90559e-07	1.86446e-07
	33.85	2.99335e-07	1.64673e-07
	33.9	3.07033e-07	1.43351e-07
	33.95	3.13678e-07	1.22513e-07
	34	3.19293e-07	1.02192e-07
	34.05	3.23906e-07	8.24179e-08
	34.1	3.27545e-07	6.32168e-08
	34.15	3.30238e-07	4.46138e-08
	34.2	3.32016e-07	2.66309e-08
	34.25	3.32912e-07	9.28789e-09
	34.3	3.32956e-07	-7.39786e-09
	34.35	3.32183e-07	-2.34112e-08
	34.4	3.30626e-07	-3.87394e-08
	34.45	3.28321e-07	-5.33715e-08
	34.5	3.25301e-07	-6.72992e-08
	34.55	3.21603e-07	-8.05159e-08
	34.6	3.17261e-07	-9.3017e-08
	34.65	3.12313e-07	-1.048e-07
	34.7	3.06793e-07	-1.15864e-07
	34.75	3.00739e-07	-1.26211e-07
	34.8	2.94184e-07	-1.35843e-07
	34.85	2.87166e-07	-1.44764e-07
	34.9	2.7972e-07	-1.5298e-07
	34.95	2.7188e-07	-1.605e-07
	35	2.63681e-07	-1.67332e-07
	35.05	2.55158e-07	-1.73485e-07
	35.1	2.46344e-07	-1.78973e-07
	35.15	2.37271e-07	-1.83806e-07
	35.2	2.27974e-07	-1.88e-07
	35.25	2.18482e-07	-1.91569e-07
	35.3	2.08827e-07	-1.94528e-07
	35.35	1.99039e-07	-1.96895e-07
	35.4	1.89147e-07	-1.98686e-07
	35.45	1.7918e-07	-1.99921e-07
	35.5	1.69164e-07	-2.00617e-07
	35.55	1.59127e-07	-2.00794e-07
	35.6	1.49093e-07	-2.00473e-07
	35.65	1.39087e-07	-1.99673e-07
	35.7	1.29133e-07	-1.98415e-07
	35.75	1.19253e-07	-1.9672e-07
	35.8	1.09468e-07	-1.9461e-07
	35.85	9.97987e-08	-1.92105e-07
	35.9	9.02639e-08	-1.89228e-07
	35.95	8.08817e-08	-1.86e-07
	36	7.16693e-08	-1.82444e-07
	36.05	6.26425e-08	-1.78579e-07
	36.1	5.38162e-08	-1.74429e-07
	36.15	4.5204e-08	-1.70014e-07
	36.2	3.68189e-08	-1.65355e-07
	36.25	2.86723e-08	-1.60474e-07
	36.3	2.07748e-08	-1.55391e-07
	36.35	1.31362e-08	-1.50127e-07
	36.4	5.76483e-09	-1.44701e-07
	36.45	-1.3316e-09	-1.39134e-07
	36.5	-8.1465e-09	-1.33444e-07
	36.55	-1.46742e-08	-1.2765e-07
	36.6	-2.09101e-08	-1.2177e-07
	36.65	-2.68501e-08	-1.15823e-07
	36.7	-3.24915e-08	-1.09825e-07
	36.75	-3.78321e-08	-1.03793e-07
	36.8	-4.28705e-08	-9.77437e-08
	36.85	-4.76064e-08	-9.16918e-08
	36.9	-5.20399e-08	-8.56526e-08
	36.95	-5.61721e-08	-7.96403e-08
	37	-6.00046e-08	-7.36686e-08
	37.05	-6.35399e-08	-6.77506e-08
	37.1	-6.67808e-08	-6.18986e-08
	37.15	-6.9731e-08	-5.61244e-08
	37.2	-7.23947e-08	-5.04391e-08
	37.25	-7.47766e-08	-4.48532e-08
	37.3	-7.68819e-08	-3.93764e-08
	37.35	-7.87162e-08	-3.40178e-08
	37.4	-8.02858e-08	-2.8786e-08
	37.45	-8.15971e-08	-2.36889e-08
	37.5	-8.2657e-08	-1.87335e-08
	37.55	-8.34729e-08	-1.39266e-08
	37.6	-8.40522e-08	-9.27399e-09
	37.65	-8.44029e-08	-4.78111e-09
	37.7	-8.45331e-08	-4.52691e-10
	37.75	-8.4451e-08	3.70712e-09
	37.8	-8.41652e-08	7.69474e-09
	37.85	-8.36845e-08	1.15072e-08
	37.9	-8.30175e-08	1.51419e-08
	37.95	-8.21733e-08	1.8597e-08
	38	-8.11608e-08	2.18711e-08
	38.05	-7.99892e-08	2.49632e-08
	38.1	-7.86675e-08	2.78729e-08
	38.15	-7.7205e-08	3.06002e-08
	38.2	-7.56106e-08	3.31456e-08
	38.25	-7.38934e-08	3.551e-08
	38.3	-7.20626e-08	3.76946e-08
	38.35	-7.01269e-08	3.97013e-08
	38.4	-6.80954e-08	4.1532e-08
	38.45	-6.59766e-08	4.31891e-08
	38.5	-6.37793e-08	4.46755e-08
	38.55	-6.15119e-08	4.59941e-08
	38.6	-5.91826e-08	4.71483e-08
	38.65	-5.67997e-08	4.81417e-08
	38.7	-5.43711e-08	4.89782e-08
	38.75	-5.19044e-08	4.9662e-08
	38.8	-4.94074e-08	5.01972e-08
	38.85	-4.68871e-08	5.05885e-08
	38.9	-4.43508e-08	5.08404e-08
	38.95	-4.18053e-08	5.0958e-08
	39	-3.92572e-08	5.0946e-08
	39.05	-3.67128e-08	5.08097e-08
	39.1	-3.41782e-08	5.05543e-08
	39.15	-3.16593e-08	5.0185e-08
	39.2	-2.91615e-08	4.97072e-08
	39.25	-2.66903e-08	4.91264e-08
	39.3	-2.42505e-08	4.84479e-08
	39.35	-2.1847e-08	4.76774e-08
	39.4	-1.94842e-08	4.68203e-08
	39.45	-1.71663e-08	4.5882e-08
	39.5	-1.48973e-08	4.48682e-08
	39.55	-1.26807e-08	4.37841e-08
	39.6	-1.05199e-08	4.26353e-08
	39.65	-8.41814e-09	4.14271e-08
	39.7	-6.37813e-09	4.01647e-08
	39.75	-4.40248e-09	3.88534e-08
	39.8	-2.49352e-09	3.74984e-08
	39.85	-6.53291e-10	3.61046e-08
	39.9	1.11638e-09	3.4677e-08
	39.95	2.81392e-09	3.32204e-08
	40	4.43801e-09	3.17395e-08
	40.05	5.98754e-09	3.02389e-08
	40.1	7.46165e-09	2.87231e-08
	40.15	8.85967e-09	2.71963e-08
	40.2	1.01812e-08	2.56628e-08
	40.25	1.14259e-08	2.41265e-08
	40.3	1.25938e-08	2.25913e-08
	40.35	1.36851e-08	2.1061e-08
	40.4	1.47001e-08	1.95391e-08
	40.45	1.56392e-08	1.8029e-08
	40.5	1.65032e-08	1.65339e-08
	40.55	1.72929e-08	1.50569e-08
	40.6	1.80093e-08	1.3601e-08
	40.65	1.86534e-08	1.21688e-08
	40.7	1.92266e-08	1.0763e-08
	40.75	1.97302e-08	9.3859e-09
	40.8	2.01657e-08	8.03982e-09
	40.85	2.05347e-08	6.72682e-09
	40.9	2.0839e-08	5.44881e-09
	40.95	2.10802e-08	4.20757e-09
	41	2.12604e-08	3.00469e-09
	41.05	2.13814e-08	1.84162e-09
	41.1	2.14452e-08	7.19633e-10
	41.15	2.1454e-08	-3.6012e-10
	41.2	2.14099e-08	-1.39665e-09
	41.25	2.13151e-08	-2.38912e-09
	41.3	2.11718e-08	-3.33682e-09
	41.35	2.09822e-08	-4.23918e-09
	41.4	2.07486e-08	-5.09578e-09
	41.45	2.04734e-08	-5.9063e-09
	41.5	2.01587e-08	-6.67057e-09
	41.55	1.98071e-08	-7.38853e-09
	41.6	1.94207e-08	-8.06023e-09
	41.65	1.90018e-08	-8.68585e-09
	41.7	1.85528e-08	-9.26566e-09
	41.75	1.8076e-08	-9.80002e-09
	41.8	1.75736e-08	-1.02894e-08
	41.85	1.70478e-08	-1.07344e-08
	41.9	1.65009e-08	-1.11357e-08
	41.95	1.59349e-08	-1.14939e-08
	42	1.53522e-08	-1.18099e-08
	42.05	1.47546e-08	-1.20846e-08
	42.1	1.41444e-08	-1.2319e-08
	42.15	1.35234e-08	-1.25139e-08
	42.2	1.28936e-08	-1.26706e-08
	42.25	1.2257e-08	-1.279e-08
	42.3	1.16152e-08	-1.28734e-08
	42.35	1.09702e-08	-1.29221e-08
	42.4	1.03236e-08	-1.29371e-08
	42.45	9.67703e-09	-1.29199e-08
	42.5	9.03211e-09	-1.28717e-08
	42.55	8.39035e-09	-1.27938e-08
	42.6	7.7532e-09	-1.26877e-08
	42.65	7.12204e-09	-1.25546e-08
	42.7	6.49817e-09	-1.2396e-08
	42.75	5.88284e-09	-1.22132e-08
	42.8	5.27723e-09	-1.20077e-08
	42.85	4.68243e-09	-1.17808e-08
	42.9	4.09949e-09	-1.15339e-08
	42.95	3.52935e-09	-1.12685e-08
	43	2.97293e-09	-1.09858e-08
	43.05	2.43104e-09	-1.06873e-08
	43.1	1.90444e-09	-1.03744e-08
	43.15	1.39382e-09	-1.00483e-08
	43.2	8.99805e-10	-9.71034e-09
	43.25	4.22959e-10	-9.36186e-09
	43.3	-3.62264e-11	-9.0041e-09
	43.35	-4.77318e-10	-8.63831e-09
	43.4	-8.99944e-10	-8.2657e-09
	43.45	-1.30379e-09	-7.88745e-09
	43.5	-1.68861e-09	-7.50471e-09
	43.55	-2.05421e-09	-7.11858e-09
	43.6	-2.40043e-09	-6.73015e-09
	43.65	-2.7272e-09	-6.34047e-09
	43.7	-3.03448e-09	-5.95052e-09
	43.75	-3.32227e-09	-5.56129e-09
	43.8	-3.59063e-09	-5.17369e-09
	43.85	-3.83968e-09	-4.78862e-09
	43.9	-4.06955e-09	-4.40691e-09
	43.95	-4.28044e-09	-4.02937e-09
	44	-4.47257e-09	-3.65677e-09
	44.05	-4.64621e-09	-3.28981e-09
	44.1	-4.80166e-09	-2.92918e-09
	44.15	-4.93924e-09	-2.57551e-09
	44.2	-5.05933e-09	-2.2294e-09
	44.25	-5.16232e-09	-1.8914e-09
	44.3	-5.24862e-09	-1.56202e-09
	44.35	-5.31867e-09	-1.24173e-09
	44.4	-5.37295e-09	-9.30953e-10
	44.45	-5.41193e-09	-6.30081e-10
	44.5	-5.43613e-09	-3.39463e-10
	44.55	-5.44606e-09	-5.94082e-11
	44.6	-5.44225e-09	2.09811e-10
	44.65	-5.42526e-09	4.6796e-10
	44.7	-5.39564e-09	7.1484e-10
	44.75	-5.35397e-09	9.50288e-10
	44.8	-5.30081e-09	1.17418e-09
	44.85	-5.23674e-09	1.38641e-09
	44.9	-5.16236e-09	1.58692e-09
	44.95	-5.07825e-09	1.77569e-09
	45	-4.98499e-09	1.9527e-09
	45.05	-4.88317e-09	2.11798e-09
	45.1	-4.77338e-09	2.2716e-09
	45.15	-4.65621e-09	2.41362e-09
	45.2	-4.53221e-09	2.54417e-09
	45.25	-4.40198e-09	2.66336e-09
	45.3	-4.26606e-09	2.77135e-09
	45.35	-4.12503e-09	2.86832e-09
	45.4	-3.97941e-09	2.95446e-09
	45.45	-3.82976e-09	3.02998e-09
	45.5	-3.67659e-09	3.09511e-09
	45.55	-3.52042e-09	3.15011e-09
	45.6	-3.36174e-09	3.19524e-09
	45.65	-3.20105e-09	3.23076e-09
	45.7	-3.03882e-09	3.25698e-09
	45.75	-2.8755e-09	3.27419e-09
	45.8	-2.71155e-09	3.2827e-09
	45.85	-2.54737e-09	3.28284e-09
	45.9	-2.3834e-09	3.27492e-09
	45.95	-2.22001e-09	3.25929e-09
	46	-2.05759e-09	3.23629e-09
	46.05	-1.8965e-09	3.20627e-09
	46.1	-1.73708e-09	3.16956e-09
	46.15	-1.57965e-09	3.12653e-09
	46.2	-1.42452e-09	3.07752e-09
	46.25	-1.27199e-09	3.02289e-09
	46.3	-1.12232e-09	2.963e-09
	46.35	-9.75771e-10	2.8982e-09
	46.4	-8.32576e-10	2.82884e-09
	46.45	-6.92956e-10	2.75527e-09
	46.5	-5.57114e-10	2.67783e-09
	46.55	-4.25232e-10	2.59687e-09
	46.6	-2.9748e-10	2.51272e-09
	46.65	-1.74008e-10	2.42571e-09
	46.7	-5.49514e-11	2.33617e-09
	46.75	5.95718e-11	2.24441e-09
	46.8	1.69458e-10	2.15076e-09
	46.85	2.74621e-10	2.05551e-09
	46.9	3.74988e-10	1.95895e-09
	46.95	4.705e-10	1.86139e-09
	47	5.61114e-10	1.76309e-09
	47.05	6.468e-10	1.66432e-09
	47.1	7.27542e-10	1.56534e-09
	47.15	8.03336e-10	1.46642e-09
	47.2	8.74189e-10	1.36778e-09
	47.25	9.40122e-10	1.26965e-09
	47.3	1.00117e-09	1.17226e-09
	47.35	1.05736e-09	1.07582e-09
	47.4	1.10877e-09	9.80526e-10
	47.45	1.15544e-09	8.86564e-10
	47.5	1.19745e-09	7.94115e-10
	47.55	1.23488e-09	7.03344e-10
	47.6	1.26781e-09	6.1441e-10
	47.65	1.29635e-09	5.27457e-10
	47.7	1.3206e-09	4.42621e-10
	47.75	1.34065e-09	3.60027e-10
	47.8	1.35664e-09	2.7979e-10
	47.85	1.36867e-09	2.02014e-10
	47.9	1.37688e-09	1.26792e-10
	47.95	1.3814e-09	5.42085e-11
	48	1.38235e-09	-1.56614e-11
	48.05	1.37988e-09	-8.27533e-11
	48.1	1.37412e-09	-1.47012e-10
	48.15	1.36522e-09	-2.0839e-10
	48.2	1.35333e-09	-2.66852e-10
	48.25	1.33859e-09	-3.22367e-10
	48.3	1.32114e-09	-3.74915e-10
	48.35	1.30114e-09	-4.24485e-10
	48.4	1.27874e-09	-4.71071e-10
	48.45	1.25409e-09	-5.14676e-10
	48.5	1.22732e-09	-5.5531e-10
	48.55	1.19861e-09	-5.9299e-10
	48.6	1.16807e-09	-6.2774e-10
	48.65	1.13588e-09	-6.59589e-10
	48.7	1.10216e-09	-6.88574e-10
	48.75	1.06707e-09	-7.14735e-10
	48.8	1.03074e-09	-7.38118e-10
	48.85	9.93303e-10	-7.58777e-10
	48.9	9.54903e-10	-7.76766e-10
	48.95	9.1567e-10	-7.92147e-10
	49	8.75731e-10	-8.04983e-10
	49.05	8.35212e-10	-8.15344e-10
	49.1	7.94236e-10	-8.23302e-10
	49.15	7.52921e-10	-8.28929e-10
	49.2	7.11381e-10	-8.32306e-10
	49.25	6.69727e-10	-8.3351e-10
	49.3	6.28065e-10	-8.32625e-10
	49.35	5.86498e-10	-8.29735e-10
	49.4	5.45123e-10	-8.24925e-10
	49.45	5.04036e-10	-8.18282e-10
	49.5	4.63324e-10	-8.09895e-10
	49.55	4.23074e-10	-7.99853e-10
	49.6	3.83365e-10	-7.88245e-10
	49.65	3.44274e-10	-7.7516e-10
	49.7	3.05872e-10	-7.60689e-10
	49.75	2.68227e-10	-7.44922e-10
	49.8	2.314e-10	-7.27948e-10
	49.85	1.95451e-10	-7.09856e-10
	49.9	1.60432e-10	-6.90734e-10
	49.95	1.26393e-10	-6.70669e-10
	50	9.3379e-11	-6.49748e-10
	50.05	6.14309e-11	-6.28055e-10
	50.1	3.0585e-11	-6.05674e-10
	50.15	8.7362e-13	-5.82687e-10
	50.2	-2.76749e-11	-5.59173e-10
	50.25	-5.50362e-11	-5.35211e-10
	50.3	-8.11898e-11	-5.10878e-10
	50.35	-1.06119e-10	-4.86246e-10
	50.4	-1.29811e-10	-4.6139e-10
	50.45	-1.52255e-10	-4.36377e-10
	50.5	-1.73447e-10	-4.11276e-10
	50.55	-1.93383e-10	-3.86151e-10
	50.6	-2.12063e-10	-3.61066e-10
	50.65	-2.29491e-10	-3.36079e-10
	50.7	-2.45673e-10	-3.11249e-10
	50.75	-2.60619e-10	-2.8663e-10
	50.8	-2.74341e-10	-2.62274e-10
	50.85	-2.86852e-10	-2.3823e-10
	50.9	-2.9817e-10	-2.14545e-10
	50.95	-3.08313e-10	-1.91264e-10
	51	-3.17303e-10	-1.68426e-10
	51.05	-3.25164e-10	-1.46072e-10
	51.1	-3.31919e-10	-1.24236e-10
	51.15	-3.37597e-10	-1.02951e-10
	51.2	-3.42224e-10	-8.22496e-11
	51.25	-3.45832e-10	-6.21579e-11
	51.3	-3.4845e-10	-4.27018e-11
	51.35	-3.50113e-10	-2.39039e-11
	51.4	-3.50852e-10	-5.78451e-12
	51.45	-3.50703e-10	1.16386e-11
	51.5	-3.497e-10	2.835e-11
	51.55	-3.4788e-10	4.43366e-11
	51.6	-3.45279e-10	5.95878e-11
	51.65	-3.41934e-10	7.4095e-11
	51.7	-3.37882e-10	8.78518e-11
	51.75	-3.33161e-10	1.00854e-10
	51.8	-3.27809e-10	1.13099e-10
	51.85	-3.21864e-10	1.24587e-10
	51.9	-3.15363e-10	1.35319e-10
	51.95	-3.08344e-10	1.45299e-10
	52	-3.00845e-10	1.54532e-10
	52.05	-2.92903e-10	1.63024e-10
	52.1	-2.84555e-10	1.70783e-10
	52.15	-2.75837e-10	1.7782e-10
	52.2	-2.66785e-10	1.84145e-10
	52.25	-2.57434e-10	1.89771e-10
	52.3	-2.47819e-10	1.94712e-10
	52.35	-2.37974e-10	1.98981e-10
	52.4	-2.27932e-10	2.02596e-10
	52.45	-2.17725e-10	2.05573e-10
	52.5	-2.07385e-10	2.07929e-10
	52.55	-1.96942e-10	2.09683e-10
	52.6	-1.86427e-10	2.10855e-10
	52.65	-1.75866e-10	2.11464e-10
	52.7	-1.65289e-10	2.11531e-10
	52.75	-1.54722e-10	2.11078e-10
	52.8	-1.4419e-10	2.10125e-10
	52.85	-1.33717e-10	2.08694e-10
	52.9	-1.23328e-10	2.06808e-10
	52.95	-1.13044e-10	2.0449e-10
	53	-1.02886e-10	2.01761e-10
	53.05	-9.28741e-11	1.98645e-10
	53.1	-8.30274e-11	1.95165e-10
	53.15	-7.33633e-11	1.91342e-10
	53.2	-6.38985e-11	1.87201e-10
	53.25	-5.46482e-11	1.82764e-10
	53.3	-4.56267e-11	1.78052e-10
	53.35	-3.68471e-11	1.73089e-10
	53.4	-2.83215e-11	1.67897e-10
	53.45	-2.00609e-11	1.62497e-10
	53.5	-1.2075e-11	1.56911e-10
	53.55	-4.37258e-12	1.51159e-10
	53.6	3.03849e-12	1.45262e-10
	53.65	1.01515e-11	1.3924e-10
	53.7	1.69608e-11	1.33114e-10
	53.75	2.34615e-11	1.26902e-10
	53.8	2.96498e-11	1.20622e-10
	53.85	3.55228e-11	1.14293e-10
	53.9	4.10786e-11	1.07932e-10
	53.95	4.63158e-11	1.01556e-10
	54	5.12342e-11	9.5181e-11
	54.05	5.58342e-11	8.8823e-11
	54.1	6.0117e-11	8.24966e-11
	54.15	6.40846e-11	7.62162e-11
	54.2	6.77396e-11	6.99953e-11
	54.25	7.10853e-11	6.38468e-11
	54.3	7.41257e-11	5.7783e-11
	54.35	7.68652e-11	5.18153e-11
	54.4	7.9309e-11	4.59547e-11
	54.45	8.14627e-11	4.02113e-11
	54.5	8.33323e-11	3.45946e-11
	54.55	8.49244e-11	2.91134e-11
	54.6	8.6246e-11	2.37757e-11
	54.65	8.73045e-11	1.85891e-11
	54.7	8.81075e-11	1.35603e-11
	54.75	8.86632e-11	8.69544e-12
	54.8	8.89799e-11	4.00004e-12
	54.85	8.90661e-11	-5.21041e-13
	54.9	8.89308e-11	-4.86357e-12
	54.95	8.85828e-11	-9.02392e-12
	55	8.80315e-11	-1.2999e-11
	55.05	8.7286e-11	-1.67864e-11
	55.1	8.6356e-11	-2.03842e-11
	55.15	8.52508e-11	-2.37909e-11
	55.2	8.39801e-11	-2.70058e-11
	55.25	8.25534e-11	-3.00284e-11
	55.3	8.09805e-11	-3.2859e-11
	55.35	7.92707e-11	-3.5498e-11
	55.4	7.74338e-11	-3.79466e-11
	55.45	7.54792e-11	-4.02062e-11
	55.5	7.34163e-11	-4.22787e-11
	55.55	7.12544e-11	-4.41664e-11
	55.6	6.90027e-11	-4.58718e-11
	55.65	6.66702e-11	-4.7398e-11
	55.7	6.42659e-11	-4.87481e-11
	55.75	6.17983e-11	-4.99259e-11
	55.8	5.92761e-11	-5.09352e-11
	55.85	5.67075e-11	-5.17801e-11
	55.9	5.41007e-11	-5.24651e-11
	55.95	5.14636e-11	-5.29946e-11
	56	4.88038e-11	-5.33735e-11
	56.05	4.61287e-11	-5.36068e-11
	56.1	4.34454e-11	-5.36996e-11
	56.15	4.0761e-11	-5.36571e-11
	56.2	3.80819e-11	-5.34849e-11
	56.25	3.54146e-11	-5.31884e-11
	56.3	3.2765e-11	-5.27732e-11
	56.35	3.01391e-11	-5.22449e-11
	56.4	2.75423e-11	-5.16094e-11
	56.45	2.49799e-11	-5.08723e-11
	56.5	2.24567e-11	-5.00395e-11
	56.55	1.99774e-11	-4.91168e-11
	56.6	1.75464e-11	-4.81099e-11
	56.65	1.51677e-11	-4.70246e-11
	56.7	1.28452e-11	-4.58666e-11
	56.75	1.05822e-11	-4.46416e-11
	56.8	8.38203e-12	-4.33553e-11
	56.85	6.2476e-12	-4.20132e-11
	56.9	4.18155e-12	-4.06208e-11
	56.95	2.18626e-12	-3.91835e-11
	57	2.63858e-13	-3.77065e-11
	57.05	-1.58381e-12	-3.61951e-11
	57.1	-3.35516e-12	-3.46542e-11
	57.15	-5.04883e-12	-3.30888e-11
	57.2	-6.66372e-12	-3.15038e-11
	57.25	-8.19896e-12	-2.99037e-11
	57.3	-9.65391e-12	-2.82931e-11
	57.35	-1.10282e-11	-2.66763e-11
	57.4	-1.23215e-11	-2.50575e-11
	57.45	-1.3534e-11	-2.34409e-11
	57.5	-1.46657e-11	-2.18301e-11
	57.55	-1.57171e-11	-2.02291e-11
	57.6	-1.66888e-11	-1.86413e-11
	57.65	-1.75815e-11	-1.707e-11
	57.7	-1.83962e-11	-1.55185e-11
	57.75	-1.91338e-11	-1.39899e-11
	57.8	-1.97956e-11	-1.24869e-11
	57.85	-2.03829e-11	-1.10122e-11
	57.9	-2.08973e-11	-9.56842e-12
	57.95	-2.13403e-11	-8.15778e-12
	58	-2.17137e-11	-6.78246e-12
	58.05	-2.20192e-11	-5.44445e-12
	58.1	-2.22588e-11	-4.14556e-12
	58.15	-2.24344e-11	-2.88745e-12
	58.2	-2.25482e-11	-1.67159e-12
	58.25	-2.26023e-11	-4.99313e-13
	58.3	-2.25989e-11	6.28223e-13
	58.35	-2.25402e-11	1.71001e-12
	58.4	-2.24287e-11	2.74519e-12
	58.45	-2.22665e-11	3.73305e-12
	58.5	-2.20562e-11	4.67303e-12
	58.55	-2.18e-11	5.5647e-12
	58.6	-2.15005e-11	6.40778e-12
	58.65	-2.11601e-11	7.2021e-12
	58.7	-2.07811e-11	7.94763e-12
	58.75	-2.03661e-11	8.64445e-12
	58.8	-1.99175e-11	9.29277e-12
	58.85	-1.94376e-11	9.8929e-12
	58.9	-1.8929e-11	1.04453e-11
	58.95	-1.83939e-11	1.09504e-11
	59	-1.78347e-11	1.14088e-11
	59.05	-1.72538e-11	1.18214e-11
	59.1	-1.66533e-11	1.21888e-11
	59.15	-1.60356e-11	1.25119e-11
	59.2	-1.54029e-11	1.27917e-11
	59.25	-1.47572e-11	1.30292e-11
	59.3	-1.41006e-11	1.32255e-11
	59.35	-1.34353e-11	1.33816e-11
	59.4	-1.27631e-11	1.34989e-11
	59.45	-1.2086e-11	1.35784e-11
	59.5	-1.14059e-11	1.36216e-11
	59.55	-1.07245e-11	1.36298e-11
	59.6	-1.00435e-11	1.36042e-11
	59.65	-9.36458e-12	1.35462e-11
	59.7	-8.68936e-12	1.34574e-11
	59.75	-8.01933e-12	1.33391e-11
	59.8	-7.35592e-12	1.31927e-11
	59.85	-6.7005e-12	1.30197e-11
	59.9	-6.05437e-12	1.28216e-11
	59.95	-5.41873e-12	1.25999e-11
	60	-4.79475e-12	1.2356e-11
	60.05	-4.18348e-12	1.20914e-11
	60.1	-3.58593e-12	1.18075e-11
	60.15	-3.00302e-12	1.15059e-11
	60.2	-2.43561e-12	1.11878e-11
	60.25	-1.88448e-12	1.08549e-11
	60.3	-1.35035e-12	1.05084e-11
	60.35	-8.33851e-13	1.01497e-11
	60.4	-3.3556e-13	9.78022e-12
	60.45	1.44014e-13	9.40127e-12
	60.5	6.04431e-13	9.01415e-12
	60.55	1.04531e-12	8.62012e-12
	60.6	1.46635e-12	8.22041e-12
	60.65	1.86728e-12	7.81624e-12
	60.7	2.24792e-12	7.40877e-12
	60.75	2.60812e-12	6.99912e-12
	60.8	2.94781e-12	6.58838e-12
	60.85	3.26696e-12	6.17761e-12
	60.9	3.56559e-12	5.76781e-12
	60.95	3.84377e-12	5.35994e-12
	61	4.10163e-12	4.95494e-12
	61.05	4.33933e-12	4.55367e-12
	61.1	4.55707e-12	4.15698e-12
	61.15	4.75512e-12	3.76566e-12
	61.2	4.93374e-12	3.38046e-12
	61.25	5.09328e-12	3.00208e-12
	61.3	5.23407e-12	2.63118e-12
	61.35	5.35653e-12	2.26837e-12
	61.4	5.46106e-12	1.91424e-12
	61.45	5.54811e-12	1.5693e-12
	61.5	5.61815e-12	1.23404e-12
	61.55	5.67168e-12	9.089e-13
	61.6	5.70921e-12	5.94284e-13
	61.65	5.73129e-12	2.90549e-13
	61.7	5.73845e-12	-1.98907e-15
	61.75	5.73128e-12	-2.83052e-13
	61.8	5.71034e-12	-5.524e-13
	61.85	5.67624e-12	-8.09833e-13
	61.9	5.62956e-12	-1.05519e-12
	61.95	5.57092e-12	-1.28834e-12
	62	5.50093e-12	-1.50919e-12
	62.05	5.42021e-12	-1.71768e-12
	62.1	5.32937e-12	-1.91379e-12
	62.15	5.22904e-12	-2.09752e-12
	62.2	5.11983e-12	-2.26891e-12
	62.25	5.00235e-12	-2.42802e-12
	62.3	4.87723e-12	-2.57494e-12
	62.35	4.74506e-12	-2.70979e-12
	62.4	4.60645e-12	-2.83271e-12
	62.45	4.46198e-12	-2.94388e-12
	62.5	4.31225e-12	-3.04347e-12
	62.55	4.15783e-12	-3.1317e-12
	62.6	3.99927e-12	-3.20879e-12
	62.65	3.83713e-12	-3.27501e-12
	62.7	3.67194e-12	-3.3306e-12
	62.75	3.50424e-12	-3.37585e-12
	62.8	3.33453e-12	-3.41105e-12
	62.85	3.1633e-12	-3.43652e-12
	62.9	2.99103e-12	-3.45257e-12
	62.95	2.81819e-12	-3.45953e-12
	63	2.64522e-12	-3.45774e-12
	63.05	2.47256e-12	-3.44755e-12
	63.1	2.3006e-12	-3.42931e-12
	63.15	2.12975e-12	-3.40339e-12
	63.2	1.96039e-12	-3.37014e-12
	63.25	1.79286e-12	-3.32994e-12
	63.3	1.6275e-12	-3.28315e-12
	63.35	1.46464e-12	-3.23016e-12
	63.4	1.30458e-12	-3.17133e-12
	63.45	1.1476e-12	-3.10704e-12
	63.5	9.93965e-13	-3.03765e-12
	63.55	8.43916e-13	-2.96354e-12
	63.6	6.97683e-13	-2.88508e-12
	63.65	5.55474e-13	-2.80263e-12
	63.7	4.17481e-13	-2.71654e-12
	63.75	2.83875e-13	-2.62717e-12
	63.8	1.54813e-13	-2.53487e-12
	63.85	3.0432e-14	-2.43997e-12
	63.9	-8.91465e-14	-2.34282e-12
	63.95	-2.03818e-13	-2.24374e-12
	64	-3.13494e-13	-2.14305e-12
	64.05	-4.18101e-13	-2.04105e-12
	64.1	-5.17582e-13	-1.93805e-12
	64.15	-6.11894e-13	-1.83434e-12
	64.2	-7.01009e-13	-1.73021e-12
	64.25	-7.84912e-13	-1.62591e-12
	64.3	-8.63602e-13	-1.52173e-12
	64.35	-9.37091e-13	-1.4179e-12
	64.4	-1.0054e-12	-1.31466e-12
	64.45	-1.06857e-12	-1.21226e-12
	64.5	-1.12664e-12	-1.1109e-12
	64.55	-1.17968e-12	-1.01079e-12
	64.6	-1.22775e-12	-9.1213e-13
	64.65	-1.27092e-12	-8.15104e-13
	64.7	-1.30929e-12	-7.19885e-13
	64.75	-1.34294e-12	-6.26637e-13
	64.8	-1.37199e-12	-5.35509e-13
	64.85	-1.39653e-12	-4.46642e-13
	64.9	-1.41669e-12	-3.60165e-13
	64.95	-1.43259e-12	-2.76197e-13
	65	-1.44436e-12	-1.94845e-13
	65.05	-1.45212e-12	-1.16205e-13
	65.1	-1.45602e-12	-4.03633e-14
	65.15	-1.4562e-12	3.2603e-14
	65.2	-1.45281e-12	1.02628e-13
	65.25	-1.44599e-12	1.69657e-13
	65.3	-1.4359e-12	2.33641e-13
	65.35	-1.42268e-12	2.94544e-13
	65.4	-1.40649e-12	3.52337e-13
	65.45	-1.3875e-12	4.07001e-13
	65.5	-1.36585e-12	4.58525e-13
	65.55	-1.3417e-12	5.06904e-13
	65.6	-1.31521e-12	5.52145e-13
	65.65	-1.28653e-12	5.94259e-13
	65.7	-1.25583e-12	6.33265e-13
	65.75	-1.22326e-12	6.69191e-13
	65.8	-1.18897e-12	7.02068e-13
	65.85	-1.1531e-12	7.31936e-13
	65.9	-1.11582e-12	7.58839e-13
	65.95	-1.07727e-12	7.82828e-13
	66	-1.03759e-12	8.03959e-13
	66.05	-9.96918e-13	8.22291e-13
	66.1	-9.55402e-13	8.3789e-13
	66.15	-9.13174e-13	8.50824e-13
	66.2	-8.70363e-13	8.61166e-13
	66.25	-8.27099e-13	8.68993e-13
	66.3	-7.83504e-13	8.74384e-13
	66.35	-7.397e-13	8.7742e-13
	66.4	-6.958e-13	8.78189e-13
	66.45	-6.51917e-13	8.76775e-13
	66.5	-6.08158e-13	8.73268e-13
	66.55	-5.64624e-13	8.6776e-13
	66.6	-5.21413e-13	8.60341e-13
	66.65	-4.7862e-13	8.51105e-13
	66.7	-4.36332e-13	8.40146e-13
	66.75	-3.94633e-13	8.27558e-13
	66.8	-3.53602e-13	8.13436e-13
	66.85	-3.13313e-13	7.97875e-13
	66.9	-2.73836e-13	7.80969e-13
	66.95	-2.35237e-13	7.62812e-13
	67	-1.97575e-13	7.43499e-13
	67.05	-1.60905e-13	7.2312e-13
	67.1	-1.25279e-13	7.0177e-13
	67.15	-9.07425e-14	6.79537e-13
	67.2	-5.73382e-14	6.5651e-13
	67.25	-2.51032e-14	6.32779e-13
	67.3	5.92931e-15	6.08427e-13
	67.35	3.57305e-14	5.83539e-13
	67.4	6.42757e-14	5.58198e-13
	67.45	9.15441e-14	5.32482e-13
	67.5	1.17519e-13	5.0647e-13
	67.55	1.42187e-13	4.80237e-13
	67.6	1.6554e-13	4.53856e-13
	67.65	1.87572e-13	4.27398e-13
	67.7	2.0828e-13	4.0093e-13
	67.75	2.27666e-13	3.74517e-13
	67.8	2.45733e-13	3.48222e-13
	67.85	2.62491e-13	3.22105e-13
	67.9	2.77948e-13	2.96223e-13
	67.95	2.92118e-13	2.7063e-13
	68	3.05017e-13	2.45378e-13
	68.05	3.16662e-13	2.20514e-13
	68.1	3.27075e-13	1.96085e-13
	68.15	3.36279e-13	1.72133e-13
	68.2	3.44297e-13	1.48699e-13
	68.25	3.51158e-13	1.2582e-13
	68.3	3.56889e-13	1.03529e-13
	68.35	3.61521e-13	8.18585e-14
	68.4	3.65086e-13	6.08372e-14
	68.45	3.67616e-13	4.04912e-14
	68.5	3.69146e-13	2.08437e-14
	68.55	3.69712e-13	1.91552e-15
	68.6	3.6935e-13	-1.62752e-14
	68.65	3.68097e-13	-3.37127e-14
	68.7	3.65992e-13	-5.03839e-14
	68.75	3.63072e-13	-6.62779e-14
	68.8	3.59377e-13	-8.13864e-14
	68.85	3.54947e-13	-9.5703e-14
	68.9	3.4982e-13	-1.09224e-13
	68.95	3.44037e-13	-1.21947e-13
	69	3.37639e-13	-1.33872e-13
	69.05	3.30663e-13	-1.45002e-13
	69.1	3.23152e-13	-1.5534e-13
	69.15	3.15143e-13	-1.64892e-13
	69.2	3.06675e-13	-1.73666e-13
	69.25	2.97789e-13	-1.8167e-13
	69.3	2.88521e-13	-1.88915e-13
	69.35	2.7891e-13	-1.95413e-13
	69.4	2.68992e-13	-2.01177e-13
	69.45	2.58804e-13	-2.06223e-13
	69.5	2.48381e-13	-2.10565e-13
	69.55	2.37759e-13	-2.14222e-13
	69.6	2.2697e-13	-2.1721e-13
	69.65	2.16049e-13	-2.19548e-13
	69.7	2.05026e-13	-2.21257e-13
	69.75	1.93933e-13	-2.22357e-13
	69.8	1.828e-13	-2.22869e-13
	69.85	1.71656e-13	-2.22815e-13
	69.9	1.60528e-13	-2.22217e-13
	69.95	1.49443e-13	-2.21098e-13
	70	1.38426e-13	-2.19481e-13
	70.05	1.27502e-13	-2.1739e-13
	70.1	1.16695e-13	-2.14848e-13
	70.15	1.06025e-13	-2.1188e-13
	70.2	9.55134e-14	-2.08508e-13
	70.25	8.51802e-14	-2.04758e-13
	70.3	7.50435e-14	-2.00654e-13
	70.35	6.51203e-14	-1.96219e-13
	70.4	5.54267e-14	-1.91476e-13
	70.45	4.59774e-14	-1.86451e-13
	70.5	3.6786e-14	-1.81166e-13
	70.55	2.78648e-14	-1.75644e-13
	70.6	1.92251e-14	-1.69908e-13
	70.65	1.08772e-14	-1.63981e-13
	70.7	2.82985e-15	-1.57885e-13
	70.75	-4.90885e-15	-1.51641e-13
	70.8	-1.23321e-14	-1.4527e-13
	70.85	-1.9434e-14	-1.38793e-13
	70.9	-2.62099e-14	-1.32229e-13
	70.95	-3.26559e-14	-1.256e-13
	71	-3.87691e-14	-1.18922e-13
	71.05	-4.45476e-14	-1.12215e-13
	71.1	-4.99904e-14	-1.05496e-13
	71.15	-5.50972e-14	-9.87817e-14
	71.2	-5.98689e-14	-9.20888e-14
	71.25	-6.43067e-14	-8.54328e-14
	71.3	-6.8413e-14	-7.88284e-14
	71.35	-7.21907e-14	-7.22898e-14
	71.4	-7.56433e-14	-6.58305e-14
	71.45	-7.87753e-14	-5.94632e-14
	71.5	-8.15914e-14	-5.31998e-14
	71.55	-8.40972e-14	-4.70517e-14
	71.6	-8.62986e-14	-4.10293e-14
	71.65	-8.82023e-14	-3.51426e-14
	71.7	-8.98153e-14	-2.94006e-14
	71.75	-9.1145e-14	-2.38117e-14
	71.8	-9.21992e-14	-1.83836e-14
	71.85	-9.29861e-14	-1.31233e-14
	71.9	-9.35144e-14	-8.03713e-15
	71.95	-9.37928e-14	-3.13068e-15
	72	-9.38305e-14	1.59106e-15
	72.05	-9.36369e-14	6.12375e-15
	72.1	-9.32214e-14	1.04637e-14
	72.15	-9.25938e-14	1.46079e-14
	72.2	-9.17639e-14	1.85537e-14
	72.25	-9.07417e-14	2.22994e-14
	72.3	-8.95373e-14	2.58436e-14
	72.35	-8.81607e-14	2.91855e-14
	72.4	-8.66221e-14	3.23248e-14
	72.45	-8.49316e-14	3.52619e-14
	72.5	-8.30993e-14	3.79974e-14
	72.55	-8.11352e-14	4.05325e-14
	72.6	-7.90494e-14	4.28689e-14
	72.65	-7.68516e-14	4.50087e-14
	72.7	-7.45517e-14	4.69543e-14
	72.75	-7.21594e-14	4.87085e-14
	72.8	-6.9684e-14	5.02747e-14
	72.85	-6.7135e-14	5.16562e-14
	72.9	-6.45214e-14	5.2857e-14
	72.95	-6.18522e-14	5.38812e-14
	73	-5.91362e-14	5.47332e-14
	73.05	-5.63817e-14	5.54178e-14
	73.1	-5.35971e-14	5.59397e-14
	73.15	-5.07904e-14	5.6304e-14
	73.2	-4.79692e-14	5.65162e-14
	73.25	-4.51412e-14	5.65815e-14
	73.3	-4.23134e-14	5.65056e-14
	73.35	-3.94929e-14	5.62943e-14
	73.4	-3.66862e-14	5.59534e-14
	73.45	-3.38996e-14	5.54887e-14
	73.5	-3.11393e-14	5.49062e-14
	73.55	-2.84109e-14	5.42121e-14
	73.6	-2.57198e-14	5.34124e-14
	73.65	-2.30713e-14	5.25131e-14
	73.7	-2.04701e-14	5.15205e-14
	73.75	-1.79207e-14	5.04405e-14
	73.8	-1.54274e-14	4.92793e-14
	73.85	-1.2994e-14	4.80429e-14
	73.9	-1.06242e-14	4.67373e-14
	73.95	-8.32133e-15	4.53683e-14
	74	-6.08835e-15	4.39419e-14
	74.05	-3.928e-15	4.24637e-14
	74.1	-1.84275e-15	4.09394e-14
	74.15	1.65265e-16	3.93747e-14
	74.2	2.09413e-15	3.77747e-14
	74.25	3.94224e-15	3.6145e-14
	74.3	5.70822e-15	3.44906e-14
	74.35	7.39098e-15	3.28166e-14
	74.4	8.98964e-15	3.11278e-14
	74.45	1.05036e-14	2.94289e-14
	74.5	1.19324e-14	2.77246e-14
	74.55	1.3276e-14	2.60192e-14
	74.6	1.45344e-14	2.43168e-14
	74.65	1.57078e-14	2.26217e-14
	74.7	1.67968e-14	2.09376e-14
	74.75	1.78018e-14	1.92682e-14
	74.8	1.87239e-14	1.76171e-14
	74.85	1.95639e-14	1.59875e-14
	74.9	2.03231e-14	1.43827e-14
	74.95	2.10026e-14	1.28056e-14
	75	2.16041e-14	1.12589e-14
	75.05	2.21291e-14	9.74528e-15
	75.1	2.25792e-14	8.26714e-15
	75.15	2.29564e-14	6.8267e-15
	75.2	2.32626e-14	5.42602e-15
	75.25	2.34997e-14	4.06696e-15
	75.3	2.367e-14	2.75122e-15
	75.35	2.37756e-14	1.48034e-15
	75.4	2.38188e-14	2.55662e-16
	75.45	2.38019e-14	-9.21623e-16
	75.5	2.37274e-14	-2.05049e-15
	75.55	2.35977e-14	-3.13006e-15
	75.6	2.34153e-14	-4.15964e-15
	75.65	2.31826e-14	-5.13866e-15
	75.7	2.29023e-14	-6.06669e-15
	75.75	2.25768e-14	-6.94348e-15
	75.8	2.22088e-14	-7.76887e-15
	75.85	2.18008e-14	-8.54286e-15
	75.9	2.13553e-14	-9.26558e-15
	75.95	2.0875e-14	-9.93725e-15
	76	2.03624e-14	-1.05582e-14
	76.05	1.98201e-14	-1.1129e-14
	76.1	1.92504e-14	-1.16501e-14
	76.15	1.86559e-14	-1.21223e-14
	76.2	1.8039e-14	-1.25462e-14
	76.25	1.7402e-14	-1.29228e-14
	76.3	1.67474e-14	-1.32529e-14
	76.35	1.60775e-14	-1.35376e-14
	76.4	1.53944e-14	-1.3778e-14
	76.45	1.47004e-14	-1.39752e-14
	76.5	1.39976e-14	-1.41305e-14
	76.55	1.3288e-14	-1.4245e-14
	76.6	1.25738e-14	-1.43201e-14
	76.65	1.18567e-14	-1.43572e-14
	76.7	1.11386e-14	-1.43577e-14
	76.75	1.04215e-14	-1.43229e-14
	76.8	9.70692e-15	-1.42545e-14
	76.85	8.99658e-15	-1.41538e-14
	76.9	8.29205e-15	-1.40223e-14
	76.95	7.59483e-15	-1.38617e-14
	77	6.90634e-15	-1.36734e-14
	77.05	6.22793e-15	-1.3459e-14
	77.1	5.56085e-15	-1.322e-14
	77.15	4.90631e-15	-1.2958e-14
	77.2	4.26541e-15	-1.26745e-14
	77.25	3.63919e-15	-1.23711e-14
	77.3	3.02861e-15	-1.20492e-14
	77.35	2.43455e-15	-1.17105e-14
	77.4	1.85782e-15	-1.13563e-14
	77.45	1.29915e-15	-1.09883e-14
	77.5	7.59199e-16	-1.06077e-14
	77.55	2.38563e-16	-1.0216e-14
	77.6	-2.62243e-16	-9.81472e-15
	77.65	-7.4277e-16	-9.40508e-15
	77.7	-1.20264e-15	-8.98847e-15
	77.75	-1.64152e-15	-8.56617e-15
	77.8	-2.05918e-15	-8.13944e-15
	77.85	-2.45541e-15	-7.70949e-15
	77.9	-2.83009e-15	-7.27752e-15
	77.95	-3.18315e-15	-6.84466e-15
	78	-3.51456e-15	-6.41199e-15
	78.05	-3.82437e-15	-5.98058e-15
	78.1	-4.11266e-15	-5.55144e-15
	78.15	-4.37957e-15	-5.12552e-15
	78.2	-4.62528e-15	-4.70374e-15
	78.25	-4.85002e-15	-4.28697e-15
	78.3	-5.05407e-15	-3.87604e-15
	78.35	-5.23774e-15	-3.47173e-15
	78.4	-5.40137e-15	-3.07477e-15
	78.45	-5.54535e-15	-2.68583e-15
	78.5	-5.6701e-15	-2.30557e-15
	78.55	-5.77606e-15	-1.93457e-15
	78.6	-5.86372e-15	-1.57337e-15
	78.65	-5.93357e-15	-1.22249e-15
	78.7	-5.98615e-15	-8.82362e-16
	78.75	-6.02199e-15	-5.53412e-16
	78.8	-6.04168e-15	-2.36005e-16
	78.85	-6.04579e-15	6.95348e-17
	78.9	-6.03493e-15	3.62924e-16
	78.95	-6.00971e-15	6.4392e-16
	79	-5.97075e-15	9.1232e-16
	79.05	-5.91869e-15	1.16796e-15
	79.1	-5.85417e-15	1.41072e-15
	79.15	-5.77783e-15	1.6405e-15
	79.2	-5.69033e-15	1.85725e-15
	79.25	-5.59232e-15	2.06095e-15
	79.3	-5.48446e-15	2.25161e-15
	79.35	-5.36738e-15	2.42928e-15
	79.4	-5.24174e-15	2.59404e-15
	79.45	-5.10819e-15	2.74598e-15
	79.5	-4.96736e-15	2.88523e-15
	79.55	-4.81988e-15	3.01195e-15
	79.6	-4.66637e-15	3.12632e-15
	79.65	-4.50745e-15	3.22855e-15
	79.7	-4.34371e-15	3.31886e-15
	79.75	-4.17575e-15	3.3975e-15
	79.8	-4.00415e-15	3.46473e-15
	79.85	-3.82947e-15	3.52083e-15
	79.9	-3.65225e-15	3.56611e-15
	79.95	-3.47303e-15	3.60088e-15
	80	-3.29233e-15	3.62545e-15
	80.05	-3.11065e-15	3.64019e-15
	80.1	-2.92847e-15	3.64542e-15
	80.15	-2.74626e-15	3.64152e-15
	80.2	-2.56446e-15	3.62885e-15
	80.25	-2.38351e-15	3.60779e-15
	80.3	-2.20382e-15	3.57871e-15
	80.35	-2.02577e-15	3.542e-15
	80.4	-1.84974e-15	3.49805e-15
	80.45	-1.67608e-15	3.44726e-15
	80.5	-1.50512e-15	3.39001e-15
	80.55	-1.33718e-15	3.3267e-15
	80.6	-1.17255e-15	3.25773e-15
	80.65	-1.01149e-15	3.18347e-15
	80.7	-8.5428e-16	3.10433e-15
	80.75	-7.01137e-16	3.02068e-15
	80.8	-5.52281e-16	2.93291e-15
	80.85	-4.07908e-16	2.8414e-15
	80.9	-2.68197e-16	2.74651e-15
	80.95	-1.33307e-16	2.64862e-15
	81	-3.37914e-18	2.54807e-15
	81.05	1.21462e-16	2.44523e-15
	81.1	2.41111e-16	2.34042e-15
	81.15	3.55477e-16	2.23399e-15
	81.2	4.64488e-16	2.12626e-15
	81.25	5.68087e-16	2.01754e-15
	81.3	6.66231e-16	1.90815e-15
	81.35	7.58895e-16	1.79837e-15
	81.4	8.46066e-16	1.68848e-15
	81.45	9.27746e-16	1.57877e-15
	81.5	1.00395e-15	1.46949e-15
	81.55	1.07471e-15	1.3609e-15
	81.6	1.14006e-15	1.25323e-15
	81.65	1.20005e-15	1.14671e-15
	81.7	1.25475e-15	1.04156e-15
	81.75	1.30423e-15	9.37974e-16
	81.8	1.34858e-15	8.36157e-16
	81.85	1.38788e-15	7.36282e-16
	81.9	1.42224e-15	6.3852e-16
	81.95	1.45177e-15	5.43027e-16
	82	1.47658e-15	4.49948e-16
	82.05	1.49681e-15	3.59416e-16
	82.1	1.51257e-15	2.71553e-16
	82.15	1.52401e-15	1.86469e-16
	82.2	1.53126e-15	1.04266e-16
	82.25	1.53448e-15	2.50295e-17
	82.3	1.53382e-15	-5.1161e-17
	82.35	1.52942e-15	-1.24239e-16
	82.4	1.52145e-15	-1.94147e-16
	82.45	1.51006e-15	-2.60838e-16
	82.5	1.49542e-15	-3.24275e-16
	82.55	1.47769e-15	-3.8443e-16
	82.6	1.45703e-15	-4.41284e-16
	82.65	1.43361e-15	-4.94828e-16
	82.7	1.4076e-15	-5.4506e-16
	82.75	1.37916e-15	-5.91987e-16
	82.8	1.34846e-15	-6.35623e-16
	82.85	1.31565e-15	-6.75991e-16
	82.9	1.28091e-15	-7.1312e-16
	82.95	1.2444e-15	-7.47046e-16
	83	1.20626e-15	-7.77811e-16
	83.05	1.16667e-15	-8.05464e-16
	83.1	1.12577e-15	-8.3006e-16
	83.15	1.08371e-15	-8.51657e-16
	83.2	1.04065e-15	-8.7032e-16
	83.25	9.96725e-16	-8.8612e-16
	83.3	9.52083e-16	-8.99129e-16
	83.35	9.06858e-16	-9.09424e-16
	83.4	8.61184e-16	-9.17088e-16
	83.45	8.15191e-16	-9.22204e-16
	83.5	7.69005e-16	-9.2486e-16
	83.55	7.22745e-16	-9.25146e-16
	83.6	6.76528e-16	-9.23154e-16
	83.65	6.30466e-16	-9.18979e-16
	83.7	5.84665e-16	-9.12715e-16
	83.75	5.39228e-16	-9.0446e-16
	83.8	4.94251e-16	-8.94314e-16
	83.85	4.49826e-16	-8.82374e-16
	83.9	4.06041e-16	-8.6874e-16
	83.95	3.62979e-16	-8.53512e-16
	84	3.20715e-16	-8.3679e-16
	84.05	2.79323e-16	-8.18673e-16
	84.1	2.38869e-16	-7.99261e-16
	84.15	1.99417e-16	-7.78652e-16
	84.2	1.61023e-16	-7.56943e-16
	84.25	1.23739e-16	-7.34231e-16
	84.3	8.76146e-17	-7.1061e-16
	84.35	5.26918e-17	-6.86174e-16
	84.4	1.90092e-17	-6.61015e-16
	84.45	-1.33992e-17	-6.35224e-16
	84.5	-4.4504e-17	-6.08887e-16
	84.55	-7.42802e-17	-5.82091e-16
	84.6	-1.02707e-16	-5.54919e-16
	84.65	-1.29767e-16	-5.27453e-16
	84.7	-1.55449e-16	-4.99772e-16
	84.75	-1.79742e-16	-4.71951e-16
	84.8	-2.02643e-16	-4.44066e-16
	84.85	-2.24149e-16	-4.16185e-16
	84.9	-2.44262e-16	-3.88378e-16
	84.95	-2.62989e-16	-3.6071e-16
	85	-2.80337e-16	-3.33243e-16
	85.05	-2.96317e-16	-3.06036e-16
	85.1	-3.10946e-16	-2.79146e-16
	85.15	-3.24238e-16	-2.52627e-16
	85.2	-3.36215e-16	-2.26529e-16
	85.25	-3.46899e-16	-2.00899e-16
	85.3	-3.56314e-16	-1.75781e-16
	85.35	-3.64486e-16	-1.51218e-16
	85.4	-3.71445e-16	-1.27248e-16
	85.45	-3.77222e-16	-1.03905e-16
	85.5	-3.81847e-16	-8.12233e-17
	85.55	-3.85355e-16	-5.92319e-17
	85.6	-3.87782e-16	-3.79577e-17
	85.65	-3.89164e-16	-1.74246e-17
	85.7	-3.89537e-16	2.34601e-18
	85.75	-3.88942e-16	2.13357e-17
	85.8	-3.87417e-16	3.95285e-17
	85.85	-3.85003e-16	5.69111e-17
	85.9	-3.8174e-16	7.34727e-17
	85.95	-3.77669e-16	8.92048e-17
	86	-3.72833e-16	1.04102e-16
	86.05	-3.67273e-16	1.18159e-16
	86.1	-3.61031e-16	1.31376e-16
	86.15	-3.54149e-16	1.43753e-16
	86.2	-3.4667e-16	1.55292e-16
	86.25	-3.38634e-16	1.65998e-16
	86.3	-3.30084e-16	1.75878e-16
	86.35	-3.2106e-16	1.84939e-16
	86.4	-3.11603e-16	1.93192e-16
	86.45	-3.01754e-16	2.00648e-16
	86.5	-2.91552e-16	2.0732e-16
	86.55	-2.81035e-16	2.13223e-16
	86.6	-2.70242e-16	2.18372e-16
	86.65	-2.5921e-16	2.22783e-16
	86.7	-2.47975e-16	2.26476e-16
	86.75	-2.36574e-16	2.29469e-16
	86.8	-2.2504e-16	2.31783e-16
	86.85	-2.13407e-16	2.33438e-16
	86.9	-2.01707e-16	2.34456e-16
	86.95	-1.89971e-16	2.3486e-16
	87	-1.78231e-16	2.34672e-16
	87.05	-1.66514e-16	2.33917e-16
	87.1	-1.54848e-16	2.32618e-16
	87.15	-1.4326e-16	2.308e-16
	87.2	-1.31776e-16	2.28488e-16
	87.25	-1.20419e-16	2.25707e-16
	87.3	-1.09213e-16	2.22482e-16
	87.35	-9.81782e-17	2.18838e-16
	87.4	-8.73356e-17	2.14801e-16
	87.45	-7.67042e-17	2.10396e-16
	87.5	-6.63017e-17	2.05649e-16
	87.55	-5.61446e-17	2.00583e-16
	87.6	-4.62482e-17	1.95225e-16
	87.65	-3.66266e-17	1.89598e-16
	87.7	-2.72925e-17	1.83727e-16
	87.75	-1.82575e-17	1.77637e-16
	87.8	-9.53209e-18	1.7135e-16
	87.85	-1.12542e-18	1.6489e-16
	87.9	6.95437e-18	1.58279e-16
	87.95	1.47003e-17	1.51539e-16
	88	2.21065e-17	1.44693e-16
	88.05	2.91682e-17	1.3776e-16
	88.1	3.58814e-17	1.30762e-16
	88.15	4.22436e-17	1.23718e-16
	88.2	4.82527e-17	1.16646e-16
	88.25	5.39081e-17	1.09567e-16
	88.3	5.92096e-17	1.02496e-16
	88.35	6.41581e-17	9.54514e-17
	88.4	6.87554e-17	8.84493e-17
	88.45	7.3004e-17	8.1505e-17
	88.5	7.69071e-17	7.46333e-17
	88.55	8.04688e-17	6.78482e-17
	88.6	8.36936e-17	6.11628e-17
	88.65	8.65869e-17	5.45898e-17
	88.7	8.91546e-17	4.81407e-17
	88.75	9.14032e-17	4.18266e-17
	88.8	9.33397e-17	3.56576e-17
	88.85	9.49716e-17	2.9643e-17
	88.9	9.63067e-17	2.37917e-17
	88.95	9.73536e-17	1.81116e-17
	89	9.81209e-17	1.26097e-17
	89.05	9.86177e-17	7.29273e-18
	89.1	9.88533e-17	2.16635e-18
	89.15	9.88376e-17	-2.76433e-18
	89.2	9.85802e-17	-7.4949e-18
	89.25	9.80915e-17	-1.20216e-17
	89.3	9.73815e-17	-1.63414e-17
	89.35	9.64608e-17	-2.04517e-17
	89.4	9.53399e-17	-2.43508e-17
	89.45	9.40293e-17	-2.80373e-17
	89.5	9.25397e-17	-3.15106e-17
	89.55	9.08818e-17	-3.47705e-17
	89.6	8.90662e-17	-3.78174e-17
	89.65	8.71036e-17	-4.06521e-17
	89.7	8.50045e-17	-4.32761e-17
	89.75	8.27794e-17	-4.56912e-17
	89.8	8.04388e-17	-4.78996e-17
	89.85	7.79929e-17	-4.9904e-17
	89.9	7.54518e-17	-5.17076e-17
	89.95	7.28254e-17	-5.33138e-17
	90	7.01236e-17	-5.47264e-17
	90.05	6.73559e-17	-5.59495e-17
	90.1	6.45317e-17	-5.69876e-17
	90.15	6.16602e-17	-5.78453e-17
	90.2	5.87501e-17	-5.85276e-17
	90.25	5.58103e-17	-5.90399e-17
	90.3	5.28489e-17	-5.93873e-17
	90.35	4.98742e-17	-5.95757e-17
	90.4	4.68939e-17	-5.96106e-17
	90.45	4.39156e-17	-5.94982e-17
	90.5	4.09464e-17	-5.92444e-17
	90.55	3.79934e-17	-5.88554e-17
	90.6	3.5063e-17	-5.83374e-17
	90.65	3.21617e-17	-5.76968e-17
	90.7	2.92953e-17	-5.69399e-17
	90.75	2.64695e-17	-5.60733e-17
	90.8	2.36897e-17	-5.51032e-17
	90.85	2.09608e-17	-5.40361e-17
	90.9	1.82876e-17	-5.28785e-17
	90.95	1.56744e-17	-5.16367e-17
	91	1.31252e-17	-5.03171e-17
	91.05	1.06439e-17	-4.8926e-17
	91.1	8.23371e-18	-4.74695e-17
	91.15	5.8979e-18	-4.59538e-17
	91.2	3.63922e-18	-4.4385e-17
	91.25	1.46019e-18	-4.27689e-17
	91.3	-6.36982e-19	-4.11114e-17
	91.35	-2.65036e-18	-3.94182e-17
	91.4	-4.57829e-18	-3.76947e-17
	91.45	-6.41942e-18	-3.59465e-17
	91.5	-8.17262e-18	-3.41788e-17
	91.55	-9.83706e-18	-3.23966e-17
	91.6	-1.14121e-17	-3.0605e-17
	91.65	-1.28975e-17	-2.88086e-17
	91.7	-1.4293e-17	-2.7012e-17
	91.75	-1.55987e-17	-2.52198e-17
	91.8	-1.68151e-17	-2.3436e-17
	91.85	-1.79426e-17	-2.16647e-17
	91.9	-1.89818e-17	-1.99098e-17
	91.95	-1.99339e-17	-1.81749e-17
	92	-2.07997e-17	-1.64635e-17
	92.05	-2.15807e-17	-1.47789e-17
	92.1	-2.22781e-17	-1.31241e-17
	92.15	-2.28936e-17	-1.15021e-17
	92.2	-2.34289e-17	-9.91547e-18
	92.25	-2.38858e-17	-8.36677e-18
	92.3	-2.42663e-17	-6.85829e-18
	92.35	-2.45723e-17	-5.39215e-18
	92.4	-2.48062e-17	-3.9703e-18
	92.45	-2.49701e-17	-2.59446e-18
	92.5	-2.50665e-17	-1.26622e-18
	92.55	-2.50976e-17	1.30481e-20
	92.6	-2.5066e-17	1.24212e-18
	92.65	-2.49742e-17	2.41996e-18
	92.7	-2.48249e-17	3.54568e-18
	92.75	-2.46205e-17	4.61858e-18
	92.8	-2.43639e-17	5.63809e-18
	92.85	-2.40576e-17	6.60381e-18
	92.9	-2.37044e-17	7.51548e-18
	92.95	-2.3307e-17	8.373e-18
	93	-2.2868e-17	9.17637e-18
	93.05	-2.23902e-17	9.92576e-18
	93.1	-2.18763e-17	1.06214e-17
	93.15	-2.1329e-17	1.12638e-17
	93.2	-2.07508e-17	1.18534e-17
	93.25	-2.01445e-17	1.23909e-17
	93.3	-1.95126e-17	1.28769e-17
	93.35	-1.88577e-17	1.33123e-17
	93.4	-1.81822e-17	1.3698e-17
	93.45	-1.74887e-17	1.4035e-17
	93.5	-1.67795e-17	1.43244e-17
	93.55	-1.6057e-17	1.45674e-17
	93.6	-1.53235e-17	1.47651e-17
	93.65	-1.45812e-17	1.4919e-17
	93.7	-1.38323e-17	1.50302e-17
	93.75	-1.30789e-17	1.51003e-17
	93.8	-1.2323e-17	1.51306e-17
	93.85	-1.15665e-17	1.51226e-17
	93.9	-1.08113e-17	1.50779e-17
	93.95	-1.00593e-17	1.4998e-17
	94	-9.31207e-18	1.48845e-17
	94.05	-8.57135e-18	1.4739e-17
	94.1	-7.83867e-18	1.45631e-17
	94.15	-7.11552e-18	1.43584e-17
	94.2	-6.40329e-18	1.41265e-17
	94.25	-5.70329e-18	1.38691e-17
	94.3	-5.01677e-18	1.35879e-17
	94.35	-4.34488e-18	1.32843e-17
	94.4	-3.68869e-18	1.29601e-17
	94.45	-3.04918e-18	1.26169e-17
	94.5	-2.42729e-18	1.22562e-17
	94.55	-1.82383e-18	1.18797e-17
	94.6	-1.23956e-18	1.14887e-17
	94.65	-6.75166e-19	1.1085e-17
	94.7	-1.31247e-19	1.067e-17
	94.75	3.91665e-19	1.0245e-17
	94.8	8.93114e-19	9.81165e-18
	94.85	1.37271e-18	9.37124e-18
	94.9	1.83014e-18	8.92513e-18
	94.95	2.26515e-18	8.47465e-18
	95	2.67756e-18	8.02106e-18
	95.05	3.06723e-18	7.56561e-18
	95.1	3.43411e-18	7.10948e-18
	95.15	3.77818e-18	6.65381e-18
	95.2	4.09951e-18	6.19971e-18
	95.25	4.3982e-18	5.74823e-18
	95.3	4.6744e-18	5.30036e-18
	95.35	4.92831e-18	4.85707e-18
	95.4	5.1602e-18	4.41926e-18
	95.45	5.37034e-18	3.98779e-18
	95.5	5.55909e-18	3.56346e-18
	95.55	5.72682e-18	3.14705e-18
	95.6	5.87394e-18	2.73925e-18
	95.65	6.0009e-18	2.34072e-18
	95.7	6.10818e-18	1.95209e-18
	95.75	6.19628e-18	1.57392e-18
	95.8	6.26575e-18	1.20672e-18
	95.85	6.31715e-18	8.50955e-19
	95.9	6.35105e-18	5.07058e-19
	95.95	6.36806e-18	1.75404e-19
	96	6.3688e-18	-1.43676e-19
	96.05	6.3539e-18	-4.49893e-19
	96.1	6.32403e-18	-7.43e-19
	96.15	6.27983e-18	-1.02279e-18
	96.2	6.22197e-18	-1.28911e-18
	96.25	6.15114e-18	-1.54183e-18
	96.3	6.06802e-18	-1.78086e-18
	96.35	5.97328e-18	-2.00615e-18
	96.4	5.86763e-18	-2.21769e-18
	96.45	5.75174e-18	-2.41551e-18
	96.5	5.62631e-18	-2.59965e-18
	96.55	5.49201e-18	-2.7702e-18
	96.6	5.34951e-18	-2.92728e-18
	96.65	5.1995e-18	-3.07102e-18
	96.7	5.04263e-18	-3.20161e-18
	96.75	4.87955e-18	-3.31923e-18
	96.8	4.71092e-18	-3.4241e-18
	96.85	4.53735e-18	-3.51648e-18
	96.9	4.35948e-18	-3.59661e-18
	96.95	4.17789e-18	-3.66479e-18
	97	3.99319e-18	-3.72132e-18
	97.05	3.80595e-18	-3.76651e-18
	97.1	3.61672e-18	-3.80071e-18
	97.15	3.42605e-18	-3.82425e-18
	97.2	3.23447e-18	-3.8375e-18
	97.25	3.04247e-18	-3.84082e-18
	97.3	2.85055e-18	-3.83461e-18
	97.35	2.65916e-18	-3.81924e-18
	97.4	2.46877e-18	-3.79512e-18
	97.45	2.27979e-18	-3.76264e-18
	97.5	2.09264e-18	-3.72222e-18
	97.55	1.90769e-18	-3.67426e-18
	97.6	1.72533e-18	-3.61919e-18
	97.65	1.54589e-18	-3.5574e-18
	97.7	1.36969e-18	-3.48932e-18
	97.75	1.19705e-18	-3.41536e-18
	97.8	1.02825e-18	-3.33593e-18
	97.85	8.63544e-19	-3.25145e-18
	97.9	7.03181e-19	-3.16231e-18
	97.95	5.47384e-19	-3.06891e-18
	98	3.96354e-19	-2.97166e-18
	98.05	2.50276e-19	-2.87094e-18
	98.1	1.09311e-19	-2.76714e-18
	98.15	-2.63935e-20	-2.66063e-18
	98.2	-1.56713e-19	-2.55177e-18
	98.25	-2.81538e-19	-2.44093e-18
	98.3	-4.00779e-19	-2.32846e-18
	98.35	-5.14362e-19	-2.21469e-18
	98.4	-6.22232e-19	-2.09996e-18
	98.45	-7.24347e-19	-1.98458e-18
	98.5	-8.20684e-19	-1.86886e-18
	98.55	-9.11232e-19	-1.7531e-18
	98.6	-9.95997e-19	-1.63758e-18
	98.65	-1.075e-18	-1.52258e-18
	98.7	-1.14827e-18	-1.40836e-18
	98.75	-1.21585e-18	-1.29516e-18
	98.8	-1.27781e-18	-1.18324e-18
	98.85	-1.3342e-18	-1.0728e-18
	98.9	-1.38511e-18	-9.64061e-19
	98.95	-1.43064e-18	-8.57226e-19
	99	-1.47087e-18	-7.5248e-19
	99.05	-1.50592e-18	-6.49997e-19
	99.1	-1.53591e-18	-5.4994e-19
	99.15	-1.56096e-18	-4.52458e-19
	99.2	-1.5812e-18	-3.57691e-19
	99.25	-1.59678e-18	-2.65763e-19
	99.3	-1.60783e-18	-1.76788e-19
	99.35	-1.61451e-18	-9.0869e-20
	99.4	-1.61697e-18	-8.09628e-21
	99.45	-1.61537e-18	7.14508e-20
	99.5	-1.60988e-18	1.47704e-19
	99.55	-1.60066e-18	2.20605e-19
	99.6	-1.58787e-18	2.90107e-19
	99.65	-1.5717e-18	3.56173e-19
	99.7	-1.55231e-18	4.18776e-19
	99.75	-1.52988e-18	4.77898e-19
	99.8	-1.50458e-18	5.33531e-19
	99.85	-1.47659e-18	5.85675e-19
	99.9	-1.44607e-18	6.3434e-19
	99.95	-1.41321e-18	6.79542e-19
	100	-1.37818e-18	7.21307e-19
